0 14
1 13
2 16
3 16
4 22
5 15
6 13
7 17
8 20
9 14
10 15
11 21
12 17
13 17
14 15
15 15
16 19
17 24
18 21
19 18
20 18
21 16
22 17
23 19
24 25
25 14
26 19
27 15
28 20
29 29
30 16
31 18
32 22
33 23
34 13
35 16
36 17
37 20
38 20
39 16
40 20
41 18
42 22
43 27
44 19
45 19
46 20
47 18
48 16
49 22
50 21
51 12
52 13
53 15
54 23
55 18
56 14
57 20
58 14
59 18
60 21
61 23
62 14
63 19
64 18
65 16
66 14
67 19
68 19
69 24
70 14
71 10
72 13
73 20
74 15
75 17
76 16
77 22
78 16
79 18
80 16
81 17
82 19
83 24
84 18
85 16
86 16
87 16
88 20
89 19
90 12
91 17
92 13
93 19
94 19
95 18
96 18
97 15
98 20
99 19
100 17
101 17
102 17
103 19
104 14
105 20
106 18
107 21
108 19
109 21
110 8
111 13
112 16
113 18
114 19
115 20
116 20
117 9
118 21
119 21
120 18
121 15
122 13
123 15
124 19
125 13
126 8
127 15
128 20
129 19
130 18
131 17
132 20
133 16
134 14
135 13
136 16
137 14
138 17
139 19
140 14
141 20
142 18
143 15
144 13
145 15
146 17
147 17
148 21
149 18
150 22
151 19
152 17
153 11
154 18
155 13
156 25
157 17
158 23
159 24
160 19
161 22
162 13
163 19
164 17
165 21
166 16
167 19
168 21
169 14
170 15
171 18
172 22
173 15
174 19
175 21
176 14
177 22
178 22
179 22
180 19
181 25
182 18
183 20
184 18
185 17
186 15
187 16
188 17
189 24
190 19
191 20
192 22
193 17
194 20
195 17
196 26
197 16
198 21
199 19
200 19
201 26
202 19
203 18
204 17
205 19
206 19
207 9
208 19
209 21
210 15
211 21
212 21
213 17
214 18
215 22
216 12
217 16
218 18
219 14
220 21
221 19
222 16
223 13
224 16
225 17
226 20
227 15
228 15
229 18
230 19
231 23
232 13
233 16
234 16
235 21
236 18
237 13
238 22
239 23
240 18
241 23
242 18
243 22
244 18
245 22
246 16
247 19
248 17
249 19
250 17
251 14
252 15
253 21
254 18
255 16
256 21
257 24
258 22
259 16
260 23
261 25
262 17
263 23
264 19
265 15
266 22
267 21
268 21
269 16
270 15
271 17
272 20
273 18
274 24
275 28
276 18
277 13
278 18
279 18
280 27
281 23
282 21
283 14
284 20
285 19
286 20
287 18
288 14
289 22
290 16
291 25
292 20
293 16
294 26
295 17
296 24
297 20
298 20
299 14
300 17
301 16
302 24
303 17
304 18
305 14
306 23
307 26
308 23
309 16
310 21
311 19
312 20
313 19
314 22
315 17
316 18
317 20
318 16
319 19
320 22
321 18
322 15
323 17
324 23
325 20
326 23
327 18
328 21
329 14
330 18
331 15
332 22
333 9
334 15
335 18
336 23
337 19
338 22
339 27
340 17
341 19
342 19
343 21
344 15
345 19
346 11
347 23
348 17
349 22
350 28
351 22
352 15
353 24
354 12
355 23
356 20
357 21
358 34
359 21
360 24
361 25
362 23
363 17
364 13
365 22
366 21
367 16
368 21
369 20
370 16
371 19
372 11
373 17
374 21
375 31
376 19
377 15
378 18
379 20
380 16
381 14
382 15
383 25
384 22
385 20
386 23
387 23
388 15
389 23
390 24
391 20
392 20
393 16
394 18
395 22
396 22
397 16
398 26
399 25
400 15
401 20
402 14
403 20
404 18
405 26
406 19
407 24
408 16
409 20
410 16
411 25
412 19
413 28
414 14
415 21
416 27
417 17
418 27
419 26
420 23
421 26
422 26
423 24
424 25
425 21
426 12
427 26
428 17
429 24
430 14
431 11
432 18
433 23
434 19
435 18
436 19
437 16
438 18
439 23
440 23
441 15
442 18
443 26
444 21
445 20
446 23
447 17
448 22
449 19
450 27
451 16
452 18
453 16
454 23
455 18
456 18
457 25
458 29
459 22
460 25
461 20
462 21
463 16
464 20
465 25
466 16
467 28
468 15
469 22
470 19
471 22
472 20
473 30
474 18
475 23
476 18
477 20
478 21
479 27
480 22
481 15
482 30
483 25
484 19
485 24
486 20
487 22
488 16
489 23
490 24
491 17
492 18
493 22
494 24
495 23
496 15
497 19
498 21
499 21
500 14
501 24
502 25
503 27
504 23
505 14
506 25
507 27
508 28
509 23
510 19
511 24
512 24
513 15
514 22
515 29
516 29
517 28
518 21
519 29
520 30
521 29
522 26
523 15
524 16
525 23
526 28
527 24
528 23
529 20
530 13
531 21
532 26
533 22
534 18
535 20
536 22
537 27
538 17
539 22
540 23
541 23
542 22
543 25
544 16
545 26
546 19
547 20
548 25
549 25
550 25
551 18
552 24
553 28
554 25
555 18
556 21
557 23
558 26
559 29
560 28
561 30
562 20
563 31
564 28
565 25
566 25
567 17
568 22
569 19
570 16
571 29
572 28
573 24
574 24
575 25
576 22
577 22
578 22
579 17
580 33
581 24
582 26
583 19
584 25
585 27
586 20
587 27
588 30
589 19
590 26
591 29
592 25
593 33
594 18
595 28
596 20
597 24
598 31
599 21
600 20
601 26
602 35
603 31
604 22
605 25
606 24
607 28
608 23
609 28
610 23
611 23
612 29
613 23
614 26
615 29
616 17
617 27
618 26
619 20
620 26
621 19
622 27
623 25
624 20
625 26
626 26
627 21
628 13
629 22
630 22
631 29
632 26
633 24
634 24
635 24
636 24
637 20
638 17
639 20
640 20
641 19
642 33
643 24
644 24
645 27
646 18
647 15
648 19
649 19
650 25
651 22
652 23
653 22
654 25
655 14
656 22
657 27
658 24
659 23
660 21
661 25
662 28
663 33
664 23
665 21
666 18
667 24
668 23
669 9
670 27
671 26
672 24
673 18
674 34
675 11
676 28
677 25
678 24
679 30
680 22
681 28
682 25
683 28
684 29
685 18
686 26
687 26
688 27
689 21
690 19
691 28
692 15
693 24
694 25
695 26
696 31
697 25
698 35
699 24
700 20
701 27
702 28
703 31
704 28
705 21
706 22
707 22
708 19
709 19
710 14
711 29
712 35
713 30
714 26
715 32
716 19
717 24
718 29
719 27
720 26
721 21
722 24
723 24
724 19
725 28
726 19
727 15
728 16
729 35
730 33
731 21
732 28
733 29
734 20
735 20
736 25
737 29
738 27
739 25
740 25
741 21
742 24
743 27
744 20
745 26
746 38
747 23
748 23
749 23
750 33
751 32
752 30
753 22
754 41
755 25
756 25
757 20
758 21
759 30
760 23
761 25
762 27
763 22
764 26
765 24
766 24
767 36
768 18
769 26
770 23
771 30
772 16
773 29
774 27
775 24
776 31
777 30
778 31
779 27
780 27
781 25
782 29
783 24
784 19
785 20
786 29
787 22
788 32
789 22
790 30
791 27
792 23
793 33
794 26
795 23
796 22
797 34
798 33
799 22
800 28
801 29
802 37
803 32
804 23
805 27
806 22
807 36
808 31
809 26
810 33
811 26
812 40
813 29
814 34
815 32
816 23
817 34
818 26
819 21
820 17
821 27
822 22
823 30
824 27
825 30
826 19
827 23
828 23
829 32
830 38
831 33
832 25
833 24
834 40
835 23
836 33
837 39
838 26
839 30
840 31
841 17
842 23
843 24
844 32
845 32
846 35
847 26
848 23
849 26
850 35
851 31
852 33
853 29
854 41
855 28
856 28
857 24
858 33
859 30
860 29
861 31
862 30
863 25
864 26
865 36
866 22
867 26
868 19
869 23
870 27
871 29
872 26
873 20
874 39
875 34
876 26
877 26
878 24
879 42
880 32
881 40
882 30
883 26
884 28
885 39
886 28
887 23
888 20
889 31
890 17
891 28
892 31
893 29
894 29
895 24
896 34
897 30
898 38
899 20
900 44
901 33
902 25
903 34
904 36
905 30
906 34
907 35
908 24
909 32
910 34
911 29
912 41
913 32
914 28
915 35
916 32
917 30
918 35
919 37
920 29
921 36
922 31
923 23
924 26
925 16
926 23
927 28
928 35
929 28
930 36
931 24
932 20
933 20
934 17
935 17
936 13
937 20
938 12
939 16
940 15
941 25
942 20
943 21
944 23
945 24
946 17
947 17
948 23
949 24
950 27
951 40
952 36
953 28
954 42
955 27
956 39
957 31
958 18
959 30
960 28
961 38
962 30
963 29
964 28
965 28
966 27
967 31
968 18
969 32
970 30
971 34
972 24
973 32
974 16
975 36
976 19
977 37
978 26
979 25
980 30
981 28
982 28
983 40
984 24
985 24
986 37
987 28
988 20
989 39
990 26
991 23
992 21
993 20
994 30
995 21
996 27
997 29
998 28
999 37
1000 41
1001 23
1002 46
1003 38
1004 34
1005 21
1006 30
1007 31
1008 32
1009 31
1010 33
1011 40
1012 38
1013 41
1014 30
1015 55
1016 43
1017 25
1018 32
1019 30
1020 39
1021 25
1022 33
1023 30
1024 32
1025 27
1026 34
1027 28
1028 36
1029 40
1030 47
1031 34
1032 37
1033 50
1034 34
1035 36
1036 35
1037 34
1038 30
1039 32
1040 22
1041 46
1042 44
1043 41
1044 33
1045 32
1046 48
1047 37
1048 24
1049 38
1050 33
1051 45
1052 35
1053 25
1054 28
1055 31
1056 28
1057 22
1058 37
1059 27
1060 24
1061 35
1062 31
1063 23
1064 31
1065 33
1066 29
1067 30
1068 43
1069 47
1070 36
1071 36
1072 34
1073 34
1074 40
1075 31
1076 27
1077 30
1078 35
1079 33
1080 44
1081 42
1082 31
1083 28
1084 50
1085 36
1086 32
1087 41
1088 22
1089 36
1090 30
1091 29
1092 27
1093 29
1094 26
1095 26
1096 26
1097 32
1098 32
1099 29
1100 29
1101 26
1102 31
1103 34
1104 27
1105 20
1106 30
1107 31
1108 19
1109 34
1110 27
1111 30
1112 40
1113 40
1114 31
1115 44
1116 42
1117 36
1118 40
1119 30
1120 31
1121 28
1122 35
1123 38
1124 34
1125 24
1126 41
1127 22
1128 33
1129 32
1130 26
1131 29
1132 38
1133 31
1134 29
1135 27
1136 35
1137 61
1138 35
1139 46
1140 29
1141 46
1142 27
1143 30
1144 32
1145 24
1146 31
1147 29
1148 21
1149 39
1150 28
1151 31
1152 36
1153 54
1154 42
1155 42
1156 30
1157 38
1158 42
1159 33
1160 35
1161 32
1162 41
1163 36
1164 53
1165 28
1166 41
1167 31
1168 35
1169 41
1170 35
1171 34
1172 36
1173 29
1174 37
1175 38
1176 38
1177 44
1178 26
1179 39
1180 39
1181 38
1182 39
1183 43
1184 40
1185 45
1186 18
1187 41
1188 40
1189 52
1190 34
1191 56
1192 40
1193 40
1194 29
1195 29
1196 30
1197 30
1198 35
1199 48
1200 44
1201 26
1202 41
1203 39
1204 38
1205 41
1206 31
1207 38
1208 38
1209 45
1210 39
1211 41
1212 40
1213 38
1214 46
1215 37
1216 40
1217 42
1218 34
1219 39
1220 39
1221 31
1222 33
1223 33
1224 31
1225 38
1226 37
1227 33
1228 31
1229 43
1230 41
1231 32
1232 34
1233 33
1234 75
1235 54
1236 50
1237 36
1238 41
1239 29
1240 38
1241 35
1242 42
1243 30
1244 30
1245 20
1246 16
1247 24
1248 34
1249 37
1250 27
1251 29
1252 37
1253 27
1254 32
1255 36
1256 34
1257 31
1258 27
1259 38
1260 33
1261 23
1262 31
1263 31
1264 36
1265 32
1266 43
1267 43
1268 25
1269 38
1270 29
1271 41
1272 49
1273 55
1274 76
1275 56
1276 52
1277 49
1278 39
1279 36
1280 39
1281 38
1282 41
1283 47
1284 39
1285 37
1286 42
1287 36
1288 36
1289 33
1290 28
1291 34
1292 32
1293 25
1294 30
1295 27
1296 36
1297 34
1298 40
1299 40
1300 70
1301 56
1302 37
1303 67
1304 32
1305 41
1306 42
1307 34
1308 30
1309 38
1310 32
1311 41
1312 37
1313 45
1314 43
1315 36
1316 34
1317 48
1318 92
1319 35
1320 38
1321 27
1322 55
1323 44
1324 30
1325 43
1326 29
1327 45
1328 57
1329 29
1330 56
1331 37
1332 42
1333 53
1334 66
1335 52
1336 117
1337 82
1338 32
1339 41
1340 77
1341 43
1342 35
1343 24
1344 51
1345 34
1346 58
1347 86
1348 61
1349 60
1350 95
1351 41
1352 69
1353 79
1354 82
1355 31
1356 42
1357 132
1358 51
1359 54
1360 52
1361 30
1362 37
1363 47
1364 69
1365 49
1366 64
1367 40
1368 52
1369 64
1370 42
1371 53
1372 42
1373 42
1374 34
1375 43
1376 64
1377 59
1378 76
1379 65
1380 63
1381 48
1382 47
1383 38
1384 48
1385 46
1386 38
1387 49
1388 44
1389 42
1390 62
1391 44
1392 45
1393 48
1394 34
1395 45
1396 28
1397 109
1398 67
1399 69
1400 32
1401 46
1402 40
1403 31
1404 35
1405 38
1406 42
1407 36
1408 35
1409 83
1410 69
1411 160
1412 55
1413 62
1414 114
1415 202
1416 33
1417 48
1418 21
1419 35
1420 40
1421 45
1422 35
1423 30
1424 27
1425 25
1426 18
1427 21
1428 22
1429 35
1430 32
1431 27
1432 35
1433 36
1434 35
1435 35
1436 31
1437 30
1438 29
1439 51
1440 95
1441 81
1442 54
1443 65
1444 119
1445 84
1446 127
1447 51
1448 41
1449 40
1450 38
1451 33
1452 32
1453 48
1454 112
1455 95
1456 67
1457 32
1458 51
1459 38
1460 38
1461 36
1462 31
1463 33
1464 33
1465 40
1466 34
1467 31
1468 43
1469 77
1470 46
1471 62
1472 55
1473 63
1474 46
1475 31
1476 58
1477 51
1478 29
1479 34
1480 28
1481 34
1482 58
1483 150
1484 85
1485 197
1486 117
1487 69
1488 82
1489 28
1490 35
1491 40
1492 34
1493 34
1494 37
1495 41
1496 33
1497 40
1498 31
1499 114
1500 54
1501 53
1502 111
1503 258
1504 155
1505 118
1506 67
1507 54
1508 73
1509 43
1510 58
1511 39
1512 35
1513 31
1514 42
1515 39
1516 34
1517 32
1518 36
1519 33
1520 28
1521 34
1522 36
1523 34
1524 50
1525 98
1526 31
1527 119
1528 135
1529 92
1530 179
1531 707
1532 212
1533 141
1534 96
1535 264
1536 154
1537 55
1538 29
1539 36
1540 36
1541 32
1542 36
1543 33
1544 34
1545 36
1546 49
1547 46
1548 58
1549 48
1550 187
1551 177
1552 265
1553 347
1554 60
1555 60
1556 66
1557 111
1558 128
1559 40
1560 34
1561 51
1562 128
1563 35
1564 58
1565 46
1566 60
1567 85
1568 83
1569 49
1570 131
1571 57
1572 49
1573 42
1574 26
1575 38
1576 42
1577 51
1578 67
1579 174
1580 91
1581 145
1582 80
1583 216
1584 217
1585 75
1586 349
1587 64
1588 120
1589 103
1590 65
1591 52
1592 78
1593 72
1594 35
1595 37
1596 37
1597 45
1598 55
1599 187
1600 120
1601 399
1602 226
1603 230
1604 155
1605 80
1606 46
1607 39
1608 36
1609 33
1610 33
1611 30
1612 34
1613 40
1614 43
1615 409
1616 1811
1617 1222
1618 954
1619 1323
1620 161
1621 401
1622 381
1623 120
1624 43
1625 33
1626 33
1627 42
1628 31
1629 70
1630 116
1631 369
1632 543
1633 458
1634 2755
1635 706
1636 257
1637 38
1638 25
1639 35
1640 29
1641 37
1642 33
1643 31
1644 27
1645 47
1646 89
1647 2852
1648 766
1649 586
1650 249
1651 854
1652 163
1653 248
1654 161
1655 36
1656 48
1657 29
1658 36
1659 35
1660 36
1661 44
1662 46
1663 43
1664 39
1665 52
1666 109
1667 276
1668 216
1669 193
1670 235
1671 86
1672 50
1673 45
1674 35
1675 25
1676 40
1677 36
1678 80
1679 327
1680 2541
1681 1114
1682 1788
1683 390
1684 767
1685 711
1686 87
1687 51
1688 33
1689 42
1690 45
1691 49
1692 56
1693 122
1694 201
1695 211
1696 579
1697 227
1698 1655
1699 1521
1700 289
1701 937
1702 63
1703 31
1704 36
1705 24
1706 24
1707 34
1708 35
1709 44
1710 75
1711 17713
1712 37075
1713 26335
1714 58993
1715 30538
1716 30292
1717 2257
1718 771
1719 211
1720 53
1721 32
1722 25
1723 30
1724 29
1725 25
1726 24
1727 17
1728 22
1729 26
1730 27
1731 26
1732 25
1733 35
1734 34
1735 26
1736 26
1737 27
1738 28
1739 30
1740 39
1741 31
1742 30
1743 26
1744 30
1745 32
1746 34
1747 21
1748 33
1749 28
1750 32
1751 30
1752 39
1753 30
1754 27
1755 40
1756 36
1757 32
1758 31
1759 30
1760 47
1761 57
1762 58
1763 59
1764 84
1765 64
1766 49
1767 55
1768 42
1769 39
1770 38
1771 39
1772 36
1773 39
1774 34
1775 37
1776 41
1777 45
1778 71
1779 46
1780 91
1781 73
1782 321
1783 56
1784 46
1785 70
1786 47
1787 47
1788 40
1789 35
1790 39
1791 28
1792 64
1793 44
1794 100
1795 7899
1796 13544
1797 1788
1798 19309
1799 714
1800 71
1801 54
1802 32
1803 36
1804 29
1805 26
1806 27
1807 32
1808 29
1809 31
1810 34
1811 31
1812 33
1813 37
1814 32
1815 41
1816 40
1817 45
1818 43
1819 42
1820 32
1821 44
1822 45
1823 34
1824 38
1825 32
1826 30
1827 37
1828 37
1829 39
1830 43
1831 35
1832 40
1833 36
1834 36
1835 42
1836 56
1837 45
1838 40
1839 45
1840 67
1841 64
1842 83
1843 49
1844 47
1845 64
1846 33
1847 39
1848 30
1849 38
1850 35
1851 35
1852 33
1853 36
1854 42
1855 37
1856 35
1857 62
1858 41
1859 40
1860 56
1861 57
1862 51
1863 47
1864 51
1865 54
1866 87
1867 96
1868 56
1869 52
1870 39
1871 49
1872 33
1873 36
1874 39
1875 28
1876 45
1877 59
1878 95
1879 53
1880 261
1881 6413
1882 1266
1883 533
1884 318
1885 286
1886 147
1887 282
1888 411
1889 472
1890 1468
1891 5547
1892 2795
1893 3430
1894 286
1895 209
1896 116
1897 152
1898 35
1899 55
1900 33
1901 65
1902 31
1903 31
1904 30
1905 30
1906 39
1907 33
1908 37
1909 39
1910 29
1911 27
1912 25
1913 35
1914 33
1915 28
1916 36
1917 36
1918 33
1919 32
1920 74
1921 47
1922 84
1923 59
1924 741
1925 266
1926 3554
1927 7251
1928 3017
1929 4426
1930 78
1931 48
1932 70
1933 42
1934 33
1935 41
1936 36
1937 28
1938 31
1939 31
1940 27
1941 34
1942 32
1943 33
1944 39
1945 34
1946 28
1947 35
1948 24
1949 31
1950 33
1951 37
1952 35
1953 28
1954 43
1955 35
1956 32
1957 33
1958 41
1959 33
1960 31
1961 38
1962 41
1963 31
1964 33
1965 36
1966 32
1967 32
1968 31
1969 28
1970 38
1971 37
1972 36
1973 25
1974 30
1975 35
1976 35
1977 35
1978 60
1979 36
1980 115
1981 50
1982 381
1983 296
1984 228
1985 231
1986 301
1987 157
1988 145
1989 207
1990 145
1991 93
1992 59
1993 85
1994 54
1995 69
1996 55
1997 55
1998 49
1999 41
