0 19
1 15
2 10
3 16
4 22
5 25
6 19
7 13
8 17
9 21
10 14
11 19
12 14
13 19
14 16
15 20
16 25
17 24
18 10
19 14
20 14
21 26
22 21
23 11
24 21
25 10
26 20
27 18
28 18
29 20
30 23
31 17
32 11
33 12
34 22
35 18
36 21
37 22
38 15
39 20
40 17
41 18
42 17
43 19
44 18
45 20
46 18
47 19
48 22
49 12
50 16
51 19
52 22
53 14
54 16
55 18
56 15
57 22
58 15
59 16
60 18
61 22
62 15
63 18
64 17
65 20
66 20
67 24
68 19
69 20
70 21
71 15
72 17
73 16
74 22
75 11
76 17
77 20
78 23
79 18
80 18
81 15
82 23
83 14
84 19
85 25
86 16
87 18
88 23
89 17
90 20
91 19
92 18
93 19
94 19
95 23
96 19
97 17
98 18
99 14
100 19
101 20
102 23
103 19
104 26
105 21
106 13
107 14
108 20
109 18
110 13
111 18
112 20
113 14
114 21
115 10
116 14
117 27
118 21
119 23
120 18
121 15
122 19
123 20
124 16
125 20
126 21
127 12
128 15
129 16
130 21
131 16
132 19
133 18
134 24
135 14
136 16
137 17
138 14
139 20
140 17
141 19
142 13
143 22
144 19
145 14
146 22
147 20
148 14
149 21
150 18
151 20
152 21
153 10
154 24
155 19
156 18
157 15
158 20
159 20
160 16
161 11
162 14
163 16
164 13
165 17
166 16
167 17
168 14
169 13
170 20
171 15
172 22
173 19
174 11
175 17
176 18
177 10
178 11
179 15
180 19
181 20
182 20
183 19
184 19
185 17
186 19
187 15
188 15
189 17
190 15
191 19
192 22
193 15
194 14
195 25
196 18
197 17
198 21
199 14
200 10
201 22
202 18
203 24
204 19
205 17
206 19
207 15
208 17
209 23
210 18
211 12
212 20
213 20
214 19
215 15
216 20
217 17
218 15
219 20
220 18
221 17
222 15
223 18
224 23
225 19
226 17
227 18
228 21
229 11
230 16
231 14
232 18
233 17
234 16
235 16
236 23
237 19
238 14
239 19
240 22
241 21
242 17
243 25
244 21
245 26
246 17
247 24
248 23
249 16
250 11
251 25
252 18
253 20
254 24
255 27
256 21
257 23
258 15
259 19
260 16
261 24
262 18
263 20
264 18
265 18
266 17
267 19
268 15
269 20
270 17
271 24
272 19
273 22
274 19
275 24
276 22
277 16
278 16
279 22
280 24
281 16
282 18
283 19
284 19
285 17
286 22
287 19
288 15
289 15
290 20
291 16
292 19
293 14
294 21
295 21
296 20
297 20
298 27
299 21
300 19
301 12
302 21
303 19
304 25
305 20
306 20
307 24
308 22
309 25
310 19
311 19
312 16
313 19
314 15
315 24
316 18
317 24
318 15
319 14
320 22
321 17
322 19
323 15
324 14
325 12
326 12
327 18
328 18
329 18
330 14
331 10
332 14
333 20
334 19
335 19
336 10
337 25
338 17
339 20
340 22
341 20
342 27
343 19
344 24
345 20
346 20
347 22
348 13
349 22
350 17
351 11
352 16
353 18
354 16
355 27
356 25
357 18
358 25
359 25
360 16
361 25
362 21
363 22
364 20
365 26
366 19
367 17
368 16
369 17
370 23
371 23
372 24
373 13
374 28
375 20
376 23
377 21
378 29
379 24
380 19
381 16
382 24
383 26
384 17
385 25
386 26
387 17
388 25
389 15
390 15
391 29
392 14
393 24
394 24
395 18
396 19
397 25
398 25
399 26
400 25
401 21
402 27
403 22
404 24
405 29
406 23
407 14
408 21
409 17
410 22
411 16
412 25
413 24
414 16
415 22
416 22
417 12
418 29
419 22
420 17
421 23
422 26
423 21
424 21
425 18
426 25
427 20
428 19
429 24
430 24
431 17
432 21
433 23
434 18
435 15
436 17
437 22
438 32
439 25
440 15
441 22
442 23
443 22
444 30
445 23
446 25
447 25
448 23
449 28
450 25
451 24
452 26
453 21
454 21
455 22
456 24
457 21
458 25
459 22
460 25
461 23
462 13
463 19
464 31
465 28
466 25
467 19
468 15
469 15
470 17
471 17
472 29
473 21
474 24
475 19
476 19
477 20
478 23
479 16
480 21
481 25
482 25
483 25
484 20
485 24
486 21
487 23
488 19
489 22
490 27
491 18
492 23
493 17
494 17
495 20
496 20
497 25
498 24
499 14
500 26
501 23
502 19
503 21
504 27
505 19
506 24
507 17
508 17
509 25
510 20
511 22
512 26
513 26
514 16
515 28
516 19
517 29
518 21
519 19
520 26
521 28
522 21
523 25
524 27
525 23
526 15
527 11
528 19
529 12
530 13
531 27
532 20
533 31
534 9
535 26
536 25
537 28
538 27
539 30
540 28
541 26
542 22
543 28
544 22
545 27
546 20
547 19
548 27
549 20
550 19
551 18
552 18
553 23
554 23
555 25
556 16
557 18
558 31
559 28
560 24
561 25
562 21
563 24
564 18
565 24
566 28
567 31
568 20
569 29
570 16
571 24
572 26
573 18
574 20
575 21
576 27
577 24
578 20
579 34
580 20
581 17
582 23
583 19
584 27
585 23
586 19
587 19
588 25
589 15
590 29
591 21
592 27
593 19
594 13
595 17
596 29
597 28
598 16
599 30
600 13
601 18
602 13
603 20
604 20
605 30
606 27
607 32
608 19
609 35
610 16
611 33
612 20
613 21
614 19
615 27
616 28
617 23
618 22
619 21
620 25
621 26
622 21
623 29
624 24
625 17
626 24
627 22
628 23
629 22
630 23
631 21
632 24
633 19
634 20
635 25
636 25
637 20
638 24
639 15
640 22
641 25
642 15
643 13
644 24
645 30
646 17
647 23
648 15
649 19
650 29
651 23
652 25
653 25
654 25
655 25
656 30
657 17
658 28
659 20
660 19
661 19
662 18
663 27
664 15
665 17
666 22
667 20
668 21
669 24
670 17
671 20
672 21
673 19
674 17
675 19
676 22
677 17
678 18
679 14
680 14
681 21
682 13
683 25
684 26
685 25
686 14
687 25
688 25
689 23
690 27
691 18
692 20
693 18
694 28
695 28
696 21
697 26
698 13
699 18
700 24
701 29
702 20
703 23
704 22
705 25
706 35
707 26
708 24
709 23
710 24
711 16
712 21
713 22
714 22
715 27
716 22
717 26
718 24
719 20
720 23
721 30
722 27
723 17
724 19
725 23
726 31
727 32
728 23
729 21
730 27
731 24
732 20
733 21
734 23
735 20
736 24
737 19
738 18
739 13
740 17
741 21
742 22
743 17
744 21
745 21
746 24
747 24
748 19
749 25
750 20
751 23
752 31
753 42
754 24
755 25
756 21
757 22
758 33
759 24
760 24
761 28
762 29
763 33
764 34
765 31
766 22
767 30
768 28
769 26
770 18
771 23
772 28
773 26
774 23
775 28
776 22
777 23
778 24
779 24
780 19
781 17
782 29
783 18
784 22
785 28
786 28
787 16
788 22
789 23
790 20
791 30
792 27
793 31
794 32
795 28
796 23
797 26
798 37
799 27
800 24
801 25
802 28
803 19
804 29
805 31
806 26
807 30
808 31
809 31
810 28
811 25
812 24
813 28
814 28
815 16
816 18
817 28
818 16
819 25
820 27
821 19
822 37
823 19
824 29
825 28
826 25
827 26
828 28
829 28
830 21
831 26
832 26
833 30
834 23
835 26
836 23
837 32
838 31
839 24
840 25
841 28
842 23
843 24
844 22
845 24
846 15
847 25
848 31
849 22
850 22
851 13
852 20
853 19
854 25
855 24
856 27
857 25
858 24
859 27
860 17
861 32
862 26
863 38
864 25
865 26
866 33
867 19
868 29
869 29
870 25
871 30
872 17
873 31
874 20
875 29
876 30
877 36
878 26
879 28
880 35
881 28
882 16
883 33
884 30
885 31
886 24
887 25
888 25
889 26
890 25
891 28
892 25
893 35
894 17
895 24
896 13
897 31
898 25
899 25
900 28
901 25
902 24
903 36
904 28
905 40
906 35
907 31
908 30
909 36
910 28
911 26
912 20
913 24
914 38
915 28
916 36
917 29
918 27
919 33
920 32
921 27
922 32
923 29
924 31
925 27
926 26
927 34
928 30
929 16
930 30
931 18
932 55
933 46
934 31
935 33
936 31
937 27
938 36
939 30
940 27
941 29
942 24
943 20
944 16
945 15
946 33
947 33
948 24
949 21
950 33
951 33
952 35
953 36
954 20
955 27
956 33
957 27
958 26
959 25
960 26
961 27
962 27
963 25
964 26
965 23
966 34
967 45
968 43
969 25
970 26
971 22
972 29
973 48
974 29
975 43
976 19
977 28
978 35
979 31
980 40
981 31
982 33
983 46
984 39
985 29
986 33
987 33
988 26
989 26
990 23
991 40
992 20
993 45
994 38
995 33
996 32
997 31
998 32
999 39
1000 20
1001 31
1002 31
1003 42
1004 45
1005 23
1006 33
1007 38
1008 24
1009 17
1010 38
1011 28
1012 35
1013 26
1014 20
1015 50
1016 34
1017 31
1018 34
1019 27
1020 37
1021 52
1022 39
1023 58
1024 42
1025 34
1026 35
1027 34
1028 27
1029 38
1030 37
1031 29
1032 34
1033 32
1034 33
1035 22
1036 36
1037 33
1038 30
1039 26
1040 34
1041 32
1042 30
1043 41
1044 28
1045 46
1046 23
1047 31
1048 36
1049 40
1050 37
1051 38
1052 36
1053 33
1054 33
1055 28
1056 28
1057 44
1058 23
1059 21
1060 15
1061 34
1062 33
1063 35
1064 32
1065 27
1066 23
1067 27
1068 45
1069 31
1070 30
1071 32
1072 37
1073 30
1074 34
1075 36
1076 43
1077 39
1078 33
1079 38
1080 31
1081 27
1082 39
1083 31
1084 29
1085 24
1086 34
1087 38
1088 41
1089 38
1090 26
1091 35
1092 31
1093 24
1094 36
1095 28
1096 40
1097 37
1098 32
1099 30
1100 30
1101 34
1102 28
1103 27
1104 34
1105 32
1106 31
1107 29
1108 33
1109 30
1110 26
1111 35
1112 25
1113 35
1114 44
1115 40
1116 22
1117 45
1118 33
1119 36
1120 33
1121 48
1122 29
1123 34
1124 31
1125 26
1126 44
1127 30
1128 42
1129 49
1130 34
1131 33
1132 24
1133 40
1134 33
1135 41
1136 39
1137 44
1138 45
1139 39
1140 33
1141 31
1142 35
1143 35
1144 31
1145 31
1146 37
1147 30
1148 31
1149 32
1150 33
1151 32
1152 31
1153 35
1154 34
1155 32
1156 30
1157 36
1158 41
1159 42
1160 33
1161 34
1162 42
1163 23
1164 37
1165 33
1166 37
1167 36
1168 38
1169 29
1170 36
1171 36
1172 31
1173 31
1174 33
1175 35
1176 25
1177 28
1178 45
1179 40
1180 52
1181 42
1182 36
1183 34
1184 53
1185 29
1186 33
1187 32
1188 52
1189 44
1190 30
1191 42
1192 43
1193 36
1194 32
1195 37
1196 29
1197 24
1198 22
1199 32
1200 46
1201 28
1202 28
1203 52
1204 42
1205 22
1206 37
1207 34
1208 26
1209 49
1210 36
1211 45
1212 34
1213 31
1214 50
1215 24
1216 44
1217 30
1218 40
1219 36
1220 43
1221 35
1222 42
1223 34
1224 37
1225 32
1226 34
1227 38
1228 55
1229 60
1230 30
1231 29
1232 32
1233 35
1234 31
1235 36
1236 27
1237 31
1238 47
1239 49
1240 42
1241 50
1242 58
1243 39
1244 50
1245 32
1246 57
1247 32
1248 61
1249 57
1250 27
1251 56
1252 45
1253 44
1254 35
1255 36
1256 41
1257 56
1258 92
1259 37
1260 60
1261 40
1262 32
1263 40
1264 50
1265 49
1266 87
1267 72
1268 57
1269 44
1270 37
1271 32
1272 33
1273 49
1274 28
1275 31
1276 39
1277 38
1278 40
1279 54
1280 47
1281 53
1282 34
1283 68
1284 36
1285 50
1286 56
1287 32
1288 36
1289 51
1290 31
1291 44
1292 41
1293 35
1294 35
1295 25
1296 29
1297 37
1298 33
1299 29
1300 36
1301 33
1302 32
1303 34
1304 35
1305 39
1306 33
1307 34
1308 27
1309 29
1310 29
1311 49
1312 63
1313 51
1314 60
1315 53
1316 73
1317 83
1318 75
1319 50
1320 75
1321 73
1322 59
1323 40
1324 55
1325 34
1326 54
1327 21
1328 29
1329 42
1330 31
1331 35
1332 29
1333 25
1334 37
1335 33
1336 24
1337 37
1338 29
1339 46
1340 40
1341 63
1342 73
1343 29
1344 63
1345 47
1346 36
1347 29
1348 46
1349 36
1350 40
1351 43
1352 39
1353 69
1354 43
1355 59
1356 61
1357 67
1358 102
1359 61
1360 59
1361 59
1362 50
1363 28
1364 101
1365 55
1366 71
1367 54
1368 48
1369 35
1370 41
1371 35
1372 33
1373 29
1374 32
1375 31
1376 26
1377 27
1378 33
1379 39
1380 33
1381 32
1382 39
1383 33
1384 36
1385 29
1386 38
1387 38
1388 41
1389 36
1390 76
1391 51
1392 59
1393 35
1394 62
1395 37
1396 50
1397 64
1398 73
1399 76
1400 70
1401 68
1402 52
1403 58
1404 46
1405 59
1406 50
1407 61
1408 55
1409 49
1410 55
1411 60
1412 41
1413 36
1414 33
1415 85
1416 50
1417 34
1418 76
1419 36
1420 40
1421 58
1422 46
1423 82
1424 103
1425 85
1426 95
1427 45
1428 43
1429 47
1430 36
1431 81
1432 44
1433 48
1434 62
1435 71
1436 49
1437 69
1438 72
1439 74
1440 63
1441 84
1442 61
1443 77
1444 85
1445 81
1446 42
1447 54
1448 81
1449 46
1450 75
1451 100
1452 73
1453 73
1454 38
1455 60
1456 37
1457 62
1458 77
1459 46
1460 32
1461 74
1462 35
1463 88
1464 62
1465 49
1466 86
1467 107
1468 70
1469 142
1470 118
1471 89
1472 79
1473 80
1474 104
1475 53
1476 50
1477 57
1478 48
1479 45
1480 62
1481 46
1482 62
1483 35
1484 32
1485 32
1486 80
1487 103
1488 80
1489 111
1490 112
1491 114
1492 52
1493 115
1494 61
1495 98
1496 122
1497 34
1498 25
1499 44
1500 42
1501 43
1502 47
1503 71
1504 41
1505 87
1506 92
1507 88
1508 89
1509 121
1510 119
1511 38
1512 117
1513 42
1514 39
1515 42
1516 56
1517 34
1518 88
1519 43
1520 56
1521 121
1522 63
1523 50
1524 64
1525 112
1526 63
1527 36
1528 36
1529 37
1530 38
1531 84
1532 123
1533 85
1534 93
1535 101
1536 124
1537 70
1538 107
1539 59
1540 75
1541 87
1542 80
1543 59
1544 45
1545 64
1546 66
1547 46
1548 44
1549 40
1550 51
1551 41
1552 44
1553 45
1554 32
1555 46
1556 52
1557 68
1558 45
1559 52
1560 59
1561 51
1562 73
1563 96
1564 57
1565 51
1566 56
1567 64
1568 67
1569 60
1570 66
1571 72
1572 57
1573 79
1574 129
1575 185
1576 147
1577 80
1578 149
1579 135
1580 103
1581 267
1582 164
1583 248
1584 77
1585 155
1586 58
1587 50
1588 193
1589 122
1590 71
1591 125
1592 121
1593 83
1594 74
1595 182
1596 78
1597 76
1598 164
1599 90
1600 39
1601 100
1602 117
1603 91
1604 58
1605 122
1606 90
1607 45
1608 108
1609 129
1610 96
1611 115
1612 177
1613 83
1614 349
1615 129
1616 63
1617 50
1618 50
1619 44
1620 39
1621 43
1622 37
1623 56
1624 48
1625 55
1626 92
1627 110
1628 115
1629 217
1630 151
1631 101
1632 233
1633 352
1634 417
1635 236
1636 178
1637 145
1638 152
1639 51
1640 102
1641 80
1642 57
1643 45
1644 57
1645 50
1646 169
1647 64
1648 214
1649 99
1650 193
1651 145
1652 1062
1653 243
1654 356
1655 160
1656 52
1657 114
1658 48
1659 48
1660 43
1661 56
1662 47
1663 75
1664 137
1665 37
1666 65
1667 53
1668 36
1669 39
1670 32
1671 31
1672 35
1673 29
1674 40
1675 30
1676 35
1677 34
1678 36
1679 42
1680 39
1681 30
1682 34
1683 23
1684 36
1685 25
1686 41
1687 32
1688 29
1689 35
1690 25
1691 39
1692 58
1693 29
1694 32
1695 53
1696 38
1697 46
1698 51
1699 55
1700 46
1701 45
1702 61
1703 63
1704 61
1705 91
1706 83
1707 75
1708 127
1709 49
1710 34
1711 41
1712 37
1713 29
1714 39
1715 31
1716 42
1717 60
1718 168
1719 85
1720 187
1721 216
1722 216
1723 85
1724 50
1725 111
1726 85
1727 56
1728 36
1729 58
1730 61
1731 79
1732 36
1733 57
1734 46
1735 41
1736 142
1737 56
1738 50
1739 79
1740 1295
1741 435
1742 539
1743 57
1744 264
1745 185
1746 176
1747 99
1748 76
1749 46
1750 54
1751 49
1752 37
1753 37
1754 39
1755 44
1756 35
1757 60
1758 36
1759 39
1760 52
1761 48
1762 44
1763 67
1764 70
1765 77
1766 87
1767 82
1768 62
1769 114
1770 100
1771 126
1772 108
1773 218
1774 647
1775 705
1776 177
1777 186
1778 178
1779 1029
1780 298
1781 348
1782 176
1783 1421
1784 215
1785 213
1786 305
1787 66
1788 78
1789 124
1790 54
1791 58
1792 44
1793 40
1794 52
1795 35
1796 63
1797 55
1798 74
1799 58
1800 61
1801 56
1802 51
1803 244
1804 52
1805 87
1806 65
1807 70
1808 89
1809 47
1810 96
1811 146
1812 42
1813 64
1814 65
1815 93
1816 72
1817 121
1818 120
1819 251
1820 192
1821 143
1822 50
1823 198
1824 88
1825 132
1826 92
1827 191
1828 79
1829 90
1830 62
1831 64
1832 100
1833 235
1834 118
1835 155
1836 110
1837 122
1838 91
1839 82
1840 128
1841 88
1842 104
1843 155
1844 148
1845 176
1846 72
1847 121
1848 102
1849 152
1850 81
1851 95
1852 120
1853 88
1854 78
1855 56
1856 82
1857 77
1858 105
1859 60
1860 213
1861 155
1862 205
1863 118
1864 199
1865 148
1866 977
1867 243
1868 77
1869 1750
1870 1101
1871 799
1872 364
1873 460
1874 452
1875 164
1876 177
1877 64
1878 66
1879 43
1880 53
1881 50
1882 27
1883 37
1884 44
1885 36
1886 33
1887 43
1888 47
1889 39
1890 39
1891 46
1892 31
1893 38
1894 41
1895 36
1896 29
1897 35
1898 34
1899 33
1900 43
1901 36
1902 31
1903 37
1904 36
1905 48
1906 42
1907 38
1908 61
1909 60
1910 50
1911 57
1912 37
1913 109
1914 69
1915 150
1916 226
1917 172
1918 209
1919 1859
1920 1063
1921 282
1922 1267
1923 197
1924 810
1925 336
1926 367
1927 335
1928 2149
1929 91
1930 155
1931 67
1932 59
1933 47
1934 40
1935 61
1936 62
1937 48
1938 61
1939 64
1940 61
1941 35
1942 51
1943 49
1944 65
1945 43
1946 56
1947 50
1948 52
1949 84
1950 51
1951 145
1952 57
1953 124
1954 159
1955 139
1956 185
1957 651
1958 409
1959 170
1960 188
1961 200
1962 165
1963 474
1964 306
1965 283
1966 281
1967 1118
1968 227
1969 163
1970 1214
1971 709
1972 326
1973 1207
1974 530
1975 166
1976 472
1977 193
1978 191
1979 48
1980 62
1981 58
1982 40
1983 59
1984 61
1985 53
1986 56
1987 49
1988 57
1989 128
1990 44
1991 64
1992 155
1993 145
1994 47
1995 155
1996 232
1997 53
1998 173
1999 149