0 16
1 18
2 19
3 20
4 21
5 17
6 15
7 20
8 19
9 15
10 17
11 22
12 18
13 19
14 18
15 19
16 19
17 19
18 15
19 10
20 12
21 25
22 16
23 19
24 20
25 16
26 22
27 20
28 17
29 20
30 17
31 18
32 17
33 12
34 19
35 21
36 20
37 23
38 16
39 23
40 20
41 18
42 13
43 18
44 14
45 18
46 21
47 14
48 17
49 23
50 16
51 16
52 20
53 15
54 16
55 20
56 22
57 19
58 23
59 11
60 16
61 22
62 19
63 17
64 19
65 19
66 21
67 14
68 21
69 20
70 19
71 21
72 19
73 18
74 14
75 14
76 17
77 21
78 22
79 19
80 16
81 15
82 17
83 19
84 22
85 21
86 16
87 21
88 16
89 22
90 17
91 17
92 17
93 20
94 19
95 18
96 20
97 25
98 20
99 21
100 11
101 17
102 17
103 7
104 17
105 14
106 18
107 15
108 12
109 13
110 18
111 16
112 16
113 17
114 21
115 17
116 19
117 17
118 13
119 17
120 26
121 19
122 20
123 17
124 19
125 18
126 18
127 22
128 22
129 17
130 20
131 18
132 21
133 15
134 16
135 23
136 17
137 18
138 13
139 13
140 18
141 22
142 13
143 24
144 14
145 15
146 22
147 16
148 19
149 24
150 11
151 16
152 19
153 18
154 20
155 15
156 21
157 20
158 13
159 19
160 14
161 19
162 19
163 21
164 11
165 23
166 23
167 21
168 10
169 16
170 15
171 20
172 22
173 21
174 19
175 21
176 16
177 13
178 15
179 17
180 18
181 20
182 20
183 20
184 19
185 16
186 19
187 21
188 15
189 21
190 19
191 19
192 13
193 16
194 24
195 20
196 17
197 18
198 23
199 21
200 19
201 16
202 15
203 14
204 22
205 18
206 16
207 18
208 19
209 13
210 17
211 24
212 22
213 16
214 16
215 18
216 23
217 14
218 19
219 15
220 12
221 19
222 16
223 17
224 22
225 14
226 16
227 23
228 15
229 21
230 19
231 19
232 16
233 17
234 18
235 18
236 18
237 16
238 15
239 18
240 14
241 21
242 21
243 17
244 17
245 18
246 8
247 17
248 20
249 19
250 16
251 19
252 20
253 15
254 18
255 20
256 21
257 19
258 17
259 18
260 17
261 17
262 18
263 11
264 18
265 13
266 17
267 20
268 16
269 27
270 23
271 13
272 23
273 18
274 17
275 16
276 21
277 24
278 18
279 17
280 22
281 29
282 21
283 18
284 20
285 22
286 19
287 22
288 20
289 15
290 14
291 21
292 13
293 22
294 18
295 18
296 18
297 18
298 14
299 19
300 26
301 13
302 20
303 19
304 16
305 17
306 18
307 16
308 22
309 18
310 15
311 19
312 18
313 19
314 24
315 11
316 18
317 23
318 20
319 17
320 16
321 30
322 17
323 18
324 15
325 23
326 25
327 25
328 20
329 18
330 31
331 22
332 28
333 22
334 17
335 24
336 26
337 23
338 15
339 13
340 23
341 14
342 20
343 13
344 21
345 14
346 17
347 17
348 13
349 19
350 18
351 17
352 21
353 14
354 23
355 20
356 24
357 19
358 22
359 21
360 16
361 22
362 23
363 18
364 18
365 24
366 21
367 14
368 14
369 18
370 23
371 26
372 25
373 14
374 22
375 20
376 19
377 22
378 23
379 23
380 11
381 20
382 25
383 19
384 17
385 24
386 20
387 26
388 23
389 19
390 19
391 22
392 19
393 21
394 25
395 20
396 22
397 23
398 24
399 20
400 20
401 21
402 28
403 21
404 17
405 23
406 19
407 19
408 19
409 17
410 21
411 18
412 26
413 20
414 12
415 23
416 15
417 22
418 21
419 21
420 14
421 23
422 20
423 17
424 22
425 19
426 24
427 19
428 24
429 25
430 26
431 21
432 26
433 18
434 19
435 23
436 20
437 15
438 22
439 19
440 17
441 18
442 11
443 29
444 22
445 18
446 21
447 17
448 16
449 16
450 11
451 20
452 20
453 19
454 15
455 16
456 15
457 18
458 21
459 22
460 20
461 15
462 19
463 22
464 21
465 20
466 29
467 25
468 29
469 24
470 24
471 22
472 15
473 26
474 13
475 21
476 20
477 16
478 20
479 22
480 15
481 19
482 19
483 17
484 16
485 17
486 29
487 16
488 22
489 19
490 17
491 17
492 18
493 16
494 17
495 21
496 28
497 12
498 20
499 21
500 20
501 15
502 25
503 26
504 23
505 24
506 26
507 15
508 24
509 22
510 18
511 21
512 21
513 19
514 17
515 24
516 21
517 22
518 21
519 19
520 22
521 17
522 17
523 16
524 17
525 18
526 22
527 19
528 23
529 23
530 22
531 29
532 14
533 17
534 15
535 18
536 18
537 19
538 29
539 22
540 20
541 21
542 29
543 14
544 26
545 18
546 13
547 21
548 19
549 19
550 9
551 19
552 16
553 15
554 16
555 30
556 14
557 16
558 20
559 19
560 22
561 26
562 26
563 17
564 19
565 18
566 19
567 22
568 17
569 17
570 21
571 24
572 23
573 18
574 15
575 15
576 17
577 17
578 26
579 21
580 27
581 27
582 19
583 14
584 19
585 16
586 17
587 20
588 16
589 21
590 15
591 16
592 20
593 16
594 14
595 11
596 13
597 18
598 11
599 11
600 21
601 18
602 26
603 16
604 20
605 17
606 19
607 16
608 14
609 19
610 20
611 16
612 22
613 18
614 16
615 19
616 19
617 21
618 21
619 28
620 16
621 20
622 27
623 25
624 23
625 34
626 24
627 18
628 22
629 17
630 29
631 26
632 27
633 31
634 22
635 24
636 21
637 26
638 25
639 26
640 26
641 17
642 31
643 18
644 28
645 25
646 30
647 20
648 24
649 23
650 17
651 27
652 22
653 23
654 19
655 18
656 28
657 23
658 24
659 34
660 20
661 23
662 33
663 21
664 21
665 24
666 16
667 17
668 13
669 23
670 18
671 23
672 16
673 22
674 21
675 17
676 21
677 17
678 26
679 20
680 24
681 22
682 16
683 31
684 26
685 22
686 23
687 32
688 25
689 27
690 26
691 27
692 33
693 27
694 22
695 22
696 21
697 25
698 28
699 27
700 33
701 26
702 30
703 25
704 24
705 24
706 27
707 28
708 18
709 27
710 21
711 25
712 30
713 27
714 21
715 21
716 27
717 20
718 25
719 23
720 24
721 22
722 21
723 28
724 29
725 28
726 28
727 20
728 20
729 34
730 21
731 20
732 31
733 19
734 22
735 31
736 22
737 29
738 22
739 25
740 26
741 25
742 29
743 21
744 19
745 24
746 22
747 35
748 21
749 25
750 17
751 25
752 27
753 26
754 21
755 30
756 30
757 30
758 24
759 25
760 26
761 24
762 15
763 29
764 32
765 22
766 20
767 17
768 27
769 21
770 21
771 33
772 22
773 24
774 22
775 30
776 21
777 32
778 32
779 23
780 28
781 20
782 22
783 17
784 24
785 33
786 27
787 16
788 16
789 21
790 24
791 24
792 17
793 31
794 18
795 8
796 18
797 17
798 11
799 16
800 20
801 21
802 18
803 25
804 18
805 17
806 12
807 21
808 19
809 15
810 21
811 23
812 33
813 17
814 16
815 29
816 24
817 30
818 24
819 15
820 29
821 22
822 29
823 26
824 25
825 17
826 25
827 23
828 28
829 29
830 13
831 15
832 31
833 35
834 28
835 21
836 23
837 26
838 15
839 13
840 26
841 25
842 29
843 14
844 15
845 17
846 24
847 33
848 22
849 25
850 23
851 34
852 29
853 24
854 32
855 20
856 26
857 22
858 27
859 24
860 32
861 31
862 22
863 23
864 31
865 29
866 20
867 20
868 26
869 25
870 24
871 17
872 26
873 24
874 20
875 32
876 28
877 21
878 26
879 29
880 30
881 29
882 16
883 26
884 27
885 31
886 27
887 26
888 26
889 29
890 29
891 30
892 29
893 30
894 36
895 29
896 33
897 20
898 24
899 30
900 17
901 26
902 29
903 31
904 16
905 24
906 33
907 28
908 35
909 29
910 26
911 27
912 26
913 46
914 26
915 26
916 26
917 26
918 34
919 35
920 31
921 28
922 25
923 30
924 25
925 31
926 31
927 27
928 33
929 29
930 31
931 39
932 31
933 30
934 27
935 26
936 32
937 29
938 28
939 28
940 25
941 12
942 30
943 40
944 35
945 39
946 27
947 34
948 36
949 29
950 26
951 29
952 33
953 24
954 27
955 15
956 31
957 35
958 23
959 15
960 23
961 19
962 20
963 21
964 18
965 13
966 23
967 23
968 24
969 23
970 29
971 27
972 23
973 16
974 26
975 22
976 18
977 23
978 20
979 21
980 21
981 25
982 35
983 25
984 35
985 31
986 29
987 29
988 33
989 30
990 27
991 47
992 32
993 34
994 35
995 46
996 22
997 34
998 27
999 41
1000 37
1001 26
1002 36
1003 37
1004 40
1005 35
1006 35
1007 31
1008 16
1009 40
1010 20
1011 29
1012 38
1013 33
1014 25
1015 27
1016 34
1017 28
1018 37
1019 32
1020 31
1021 27
1022 34
1023 30
1024 31
1025 30
1026 20
1027 37
1028 32
1029 23
1030 29
1031 28
1032 19
1033 22
1034 29
1035 31
1036 27
1037 37
1038 37
1039 38
1040 30
1041 43
1042 46
1043 30
1044 49
1045 45
1046 22
1047 40
1048 34
1049 26
1050 35
1051 37
1052 28
1053 38
1054 38
1055 37
1056 26
1057 29
1058 31
1059 27
1060 30
1061 23
1062 25
1063 33
1064 33
1065 33
1066 31
1067 31
1068 23
1069 37
1070 21
1071 32
1072 45
1073 29
1074 38
1075 31
1076 29
1077 39
1078 30
1079 34
1080 34
1081 36
1082 30
1083 40
1084 39
1085 41
1086 48
1087 37
1088 32
1089 38
1090 42
1091 45
1092 37
1093 33
1094 38
1095 39
1096 30
1097 34
1098 40
1099 33
1100 30
1101 31
1102 36
1103 28
1104 18
1105 18
1106 15
1107 15
1108 20
1109 18
1110 17
1111 12
1112 17
1113 15
1114 16
1115 15
1116 17
1117 20
1118 19
1119 13
1120 12
1121 14
1122 17
1123 20
1124 13
1125 10
1126 15
1127 20
1128 22
1129 19
1130 17
1131 14
1132 33
1133 25
1134 28
1135 34
1136 25
1137 36
1138 35
1139 40
1140 39
1141 27
1142 28
1143 32
1144 34
1145 37
1146 48
1147 41
1148 40
1149 36
1150 55
1151 34
1152 32
1153 32
1154 33
1155 38
1156 49
1157 17
1158 45
1159 49
1160 32
1161 37
1162 31
1163 38
1164 45
1165 33
1166 44
1167 35
1168 36
1169 27
1170 33
1171 34
1172 35
1173 38
1174 36
1175 37
1176 43
1177 36
1178 32
1179 32
1180 29
1181 32
1182 32
1183 27
1184 31
1185 38
1186 31
1187 44
1188 29
1189 34
1190 43
1191 36
1192 34
1193 41
1194 49
1195 50
1196 36
1197 45
1198 40
1199 35
1200 47
1201 43
1202 46
1203 35
1204 24
1205 32
1206 43
1207 38
1208 38
1209 30
1210 32
1211 37
1212 31
1213 32
1214 45
1215 62
1216 66
1217 32
1218 56
1219 39
1220 44
1221 52
1222 51
1223 38
1224 45
1225 46
1226 34
1227 37
1228 44
1229 45
1230 52
1231 24
1232 36
1233 37
1234 34
1235 44
1236 45
1237 35
1238 31
1239 36
1240 42
1241 51
1242 55
1243 50
1244 70
1245 45
1246 48
1247 55
1248 52
1249 64
1250 44
1251 42
1252 49
1253 72
1254 64
1255 33
1256 44
1257 51
1258 39
1259 48
1260 61
1261 30
1262 43
1263 42
1264 51
1265 27
1266 30
1267 25
1268 36
1269 32
1270 31
1271 31
1272 41
1273 35
1274 32
1275 34
1276 47
1277 33
1278 39
1279 29
1280 57
1281 41
1282 33
1283 39
1284 39
1285 29
1286 27
1287 34
1288 33
1289 50
1290 65
1291 59
1292 36
1293 43
1294 31
1295 44
1296 53
1297 68
1298 44
1299 42
1300 46
1301 39
1302 42
1303 38
1304 52
1305 42
1306 35
1307 24
1308 36
1309 41
1310 38
1311 34
1312 46
1313 41
1314 44
1315 47
1316 50
1317 40
1318 41
1319 50
1320 30
1321 76
1322 53
1323 46
1324 46
1325 66
1326 23
1327 75
1328 98
1329 47
1330 75
1331 35
1332 37
1333 33
1334 41
1335 45
1336 52
1337 48
1338 38
1339 38
1340 54
1341 39
1342 45
1343 36
1344 44
1345 42
1346 40
1347 38
1348 44
1349 35
1350 35
1351 47
1352 93
1353 61
1354 46
1355 45
1356 31
1357 42
1358 40
1359 41
1360 33
1361 31
1362 35
1363 35
1364 38
1365 44
1366 53
1367 35
1368 53
1369 62
1370 57
1371 40
1372 49
1373 46
1374 65
1375 78
1376 33
1377 57
1378 32
1379 42
1380 58
1381 33
1382 31
1383 48
1384 79
1385 36
1386 38
1387 39
1388 34
1389 40
1390 52
1391 31
1392 41
1393 34
1394 44
1395 39
1396 45
1397 37
1398 56
1399 41
1400 47
1401 53
1402 47
1403 29
1404 55
1405 34
1406 35
1407 45
1408 34
1409 36
1410 26
1411 31
1412 30
1413 44
1414 31
1415 41
1416 46
1417 59
1418 74
1419 103
1420 76
1421 127
1422 52
1423 76
1424 53
1425 93
1426 44
1427 44
1428 42
1429 35
1430 36
1431 35
1432 41
1433 37
1434 29
1435 35
1436 32
1437 33
1438 42
1439 34
1440 31
1441 38
1442 46
1443 69
1444 48
1445 46
1446 80
1447 44
1448 52
1449 44
1450 78
1451 91
1452 101
1453 57
1454 98
1455 78
1456 73
1457 62
1458 45
1459 55
1460 59
1461 52
1462 37
1463 42
1464 30
1465 35
1466 36
1467 51
1468 50
1469 47
1470 74
1471 96
1472 99
1473 87
1474 59
1475 165
1476 118
1477 68
1478 93
1479 136
1480 120
1481 169
1482 109
1483 162
1484 69
1485 75
1486 53
1487 212
1488 53
1489 43
1490 52
1491 39
1492 63
1493 48
1494 34
1495 27
1496 36
1497 35
1498 33
1499 52
1500 58
1501 87
1502 136
1503 102
1504 89
1505 117
1506 97
1507 87
1508 58
1509 88
1510 56
1511 83
1512 58
1513 91
1514 108
1515 90
1516 100
1517 108
1518 60
1519 67
1520 45
1521 67
1522 69
1523 89
1524 49
1525 43
1526 34
1527 34
1528 33
1529 30
1530 33
1531 38
1532 27
1533 35
1534 38
1535 43
1536 30
1537 36
1538 57
1539 59
1540 66
1541 49
1542 73
1543 120
1544 45
1545 108
1546 172
1547 236
1548 177
1549 81
1550 125
1551 143
1552 94
1553 270
1554 453
1555 223
1556 160
1557 140
1558 91
1559 69
1560 35
1561 55
1562 59
1563 40
1564 50
1565 41
1566 42
1567 39
1568 49
1569 40
1570 46
1571 60
1572 48
1573 58
1574 82
1575 88
1576 342
1577 114
1578 169
1579 231
1580 261
1581 243
1582 352
1583 87
1584 83
1585 75
1586 66
1587 48
1588 38
1589 39
1590 32
1591 28
1592 36
1593 36
1594 70
1595 103
1596 449
1597 874
1598 267
1599 388
1600 171
1601 157
1602 445
1603 311
1604 314
1605 806
1606 477
1607 134
1608 195
1609 103
1610 50
1611 35
1612 30
1613 34
1614 27
1615 31
1616 27
1617 37
1618 37
1619 29
1620 34
1621 37
1622 43
1623 60
1624 132
1625 161
1626 709
1627 726
1628 621
1629 433
1630 335
1631 437
1632 227
1633 289
1634 120
1635 44
1636 37
1637 44
1638 36
1639 38
1640 35
1641 34
1642 36
1643 32
1644 42
1645 39
1646 71
1647 106
1648 472
1649 189
1650 118
1651 216
1652 97
1653 221
1654 92
1655 76
1656 107
1657 49
1658 83
1659 40
1660 50
1661 41
1662 71
1663 45
1664 84
1665 148
1666 76
1667 139
1668 109
1669 149
1670 111
1671 60
1672 69
1673 52
1674 35
1675 43
1676 52
1677 42
1678 95
1679 75
1680 91
1681 73
1682 117
1683 111
1684 178
1685 128
1686 110
1687 72
1688 135
1689 80
1690 76
1691 67
1692 54
1693 57
1694 79
1695 54
1696 45
1697 52
1698 53
1699 81
1700 36
1701 60
1702 94
1703 71
1704 66
1705 57
1706 39
1707 85
1708 86
1709 180
1710 94
1711 120
1712 58
1713 128
1714 94
1715 51
1716 58
1717 95
1718 139
1719 107
1720 70
1721 118
1722 123
1723 103
1724 113
1725 99
1726 72
1727 159
1728 128
1729 178
1730 239
1731 101
1732 335
1733 97
1734 1214
1735 415
1736 310
1737 226
1738 85
1739 258
1740 302
1741 103
1742 359
1743 198
1744 287
1745 121
1746 269
1747 66
1748 98
1749 69
1750 38
1751 46
1752 50
1753 143
1754 130
1755 183
1756 94
1757 432
1758 261
1759 168
1760 368
1761 742
1762 1089
1763 112
1764 155
1765 117
1766 61
1767 46
1768 96
1769 55
1770 39
1771 51
1772 52
1773 53
1774 198
1775 150
1776 127
1777 50
1778 35
1779 35
1780 30
1781 124
1782 31
1783 78
1784 105
1785 1319
1786 15121
1787 3048
1788 48
1789 40
1790 39
1791 28
1792 33
1793 20
1794 20
1795 16
1796 26
1797 18
1798 25
1799 18
1800 25
1801 16
1802 21
1803 17
1804 12
1805 22
1806 13
1807 19
1808 18
1809 18
1810 22
1811 20
1812 23
1813 23
1814 29
1815 30
1816 32
1817 31
1818 30
1819 27
1820 34
1821 32
1822 32
1823 30
1824 32
1825 33
1826 32
1827 26
1828 31
1829 26
1830 36
1831 34
1832 32
1833 32
1834 35
1835 32
1836 36
1837 31
1838 34
1839 42
1840 37
1841 34
1842 36
1843 56
1844 36
1845 37
1846 33
1847 34
1848 26
1849 36
1850 31
1851 33
1852 37
1853 32
1854 29
1855 30
1856 37
1857 39
1858 26
1859 40
1860 34
1861 35
1862 36
1863 37
1864 38
1865 35
1866 35
1867 34
1868 32
1869 35
1870 30
1871 32
1872 35
1873 36
1874 31
1875 36
1876 38
1877 38
1878 38
1879 27
1880 28
1881 39
1882 23
1883 32
1884 35
1885 40
1886 39
1887 35
1888 42
1889 37
1890 30
1891 36
1892 39
1893 36
1894 32
1895 33
1896 36
1897 36
1898 51
1899 29
1900 35
1901 36
1902 39
1903 34
1904 34
1905 31
1906 34
1907 38
1908 41
1909 50
1910 53
1911 60
1912 80
1913 58
1914 70
1915 79
1916 45
1917 87
1918 83
1919 44
1920 44
1921 30
1922 37
1923 60
1924 35
1925 49
1926 53
1927 114
1928 46
1929 139
1930 227
1931 115
1932 134
1933 152
1934 237
1935 121
1936 98
1937 92
1938 44
1939 43
1940 37
1941 130
1942 60
1943 36
1944 100
1945 82
1946 141
1947 173
1948 168
1949 465
1950 160
1951 184
1952 336
1953 159
1954 245
1955 131
1956 150
1957 117
1958 120
1959 195
1960 318
1961 138
1962 119
1963 98
1964 278
1965 353
1966 189
1967 211
1968 142
1969 200
1970 182
1971 159
1972 138
1973 338
1974 163
1975 118
1976 218
1977 188
1978 233
1979 176
1980 103
1981 184
1982 219
1983 70
1984 177
1985 78
1986 119
1987 71
1988 130
1989 200
1990 147
1991 58
1992 117
1993 319
1994 92
1995 164
1996 211
1997 207
1998 199
1999 612
