0 23
1 18
2 16
3 23
4 19
5 17
6 22
7 21
8 17
9 19
10 18
11 19
12 16
13 21
14 23
15 15
16 24
17 18
18 17
19 19
20 21
21 19
22 20
23 27
24 16
25 24
26 20
27 20
28 22
29 22
30 28
31 17
32 20
33 20
34 17
35 18
36 17
37 15
38 18
39 17
40 15
41 18
42 16
43 27
44 18
45 17
46 18
47 21
48 14
49 17
50 20
51 19
52 15
53 16
54 26
55 14
56 25
57 23
58 16
59 12
60 19
61 27
62 13
63 19
64 23
65 14
66 16
67 17
68 17
69 24
70 21
71 22
72 22
73 17
74 20
75 21
76 21
77 22
78 19
79 17
80 16
81 22
82 15
83 19
84 12
85 18
86 18
87 20
88 26
89 17
90 18
91 15
92 17
93 17
94 23
95 19
96 22
97 20
98 12
99 17
100 15
101 23
102 18
103 17
104 23
105 20
106 18
107 14
108 19
109 17
110 20
111 19
112 21
113 21
114 16
115 19
116 27
117 15
118 20
119 23
120 21
121 24
122 18
123 14
124 18
125 12
126 17
127 16
128 25
129 23
130 15
131 12
132 15
133 17
134 26
135 21
136 14
0 20
1 28
2 19
3 18
4 21
5 23
6 20
7 18
8 16
9 17
10 14
11 20
12 21
13 18
14 22
15 18
16 21
17 21
18 14
19 16
20 17
21 18
22 21
23 15
24 18
25 27
26 16
27 14
28 14
29 19
30 21
31 18
32 17
33 20
34 11
35 15
36 27
37 20
38 21
39 15
40 14
41 16
42 25
43 23
44 19
45 18
46 21
47 25
48 20
49 16
50 22
51 17
52 17
53 27
54 16
55 16
56 16
57 23
58 15
59 18
60 24
61 17
62 21
63 24
64 16
65 18
66 16
67 15
68 22
69 19
70 19
71 17
72 18
73 16
74 23
75 18
76 20
77 15
78 16
79 17
80 22
81 15
82 12
83 19
84 20
85 23
86 18
87 15
88 16
89 17
90 19
91 14
92 19
93 14
94 21
95 16
96 19
97 13
98 21
99 19
100 26
101 19
102 17
103 18
104 22
105 19
106 12
107 11
108 19
109 23
110 18
111 22
112 19
113 22
114 16
115 18
116 19
117 18
118 21
119 18
120 23
121 24
122 27
123 23
124 15
125 19
126 24
127 21
128 14
129 21
130 20
131 22
132 16
133 19
134 18
135 21
136 19
137 20
138 21
139 12
140 16
141 17
142 14
143 19
144 16
145 17
146 12
147 21
148 16
149 19
150 21
151 19
152 20
153 21
154 15
155 22
156 19
157 16
158 14
159 17
160 23
161 20
162 18
163 15
164 18
165 20
166 24
167 26
168 13
169 12
170 16
171 17
172 14
173 19
174 21
175 24
176 23
177 24
178 18
179 18
180 22
181 24
182 10
183 16
184 20
185 14
186 24
187 15
188 16
189 19
190 15
191 19
192 17
193 17
194 20
195 16
196 19
197 18
198 16
199 19
200 20
201 12
202 11
203 20
204 20
205 21
206 17
207 12
208 18
209 12
210 20
211 17
212 17
213 16
214 19
215 21
216 14
217 22
218 19
219 21
220 14
221 16
222 10
223 12
224 18
225 17
226 22
227 17
228 15
229 13
230 21
231 14
232 20
233 17
234 26
235 15
236 14
237 17
238 13
239 17
240 20
241 18
242 19
243 24
244 11
245 20
246 11
247 15
248 16
249 14
250 19
251 19
252 21
253 12
254 19
255 19
256 10
257 18
258 21
259 17
260 15
261 15
262 19
263 14
264 18
265 19
266 13
267 24
268 12
269 14
270 20
271 19
272 22
273 15
274 20
275 18
276 18
277 14
278 11
279 15
280 16
281 15
282 16
283 19
284 21
285 12
286 23
287 18
288 15
289 24
290 20
291 21
292 21
293 20
294 19
295 28
296 18
297 18
298 14
299 19
300 13
301 16
302 17
303 18
304 16
305 18
306 17
307 13
308 22
309 17
310 14
311 21
312 17
313 15
314 16
315 15
316 15
317 15
318 13
319 13
320 21
321 22
322 22
323 23
324 19
325 18
326 25
327 22
328 15
329 22
330 19
331 20
332 24
333 25
334 13
335 17
336 13
337 15
338 29
339 16
340 16
341 19
342 15
343 15
344 27
345 20
346 18
347 15
348 17
349 26
350 18
351 19
352 23
353 27
354 14
355 16
356 15
357 11
358 19
359 21
360 17
361 15
362 21
363 20
364 21
365 17
366 14
367 14
368 27
369 20
370 18
371 10
372 16
373 26
374 13
375 20
376 31
377 18
378 11
379 13
380 20
381 13
382 25
383 12
384 16
385 16
386 24
387 16
388 15
389 14
390 21
391 16
392 15
393 20
394 16
395 25
396 14
397 21
398 32
399 17
400 23
401 16
402 19
403 13
404 20
405 16
406 23
407 22
408 19
409 22
410 15
411 23
412 25
413 15
414 26
415 16
416 16
417 18
418 19
419 20
420 20
421 24
422 28
423 24
424 15
425 22
426 18
427 22
428 23
429 17
430 10
431 15
432 24
433 16
434 13
435 16
436 23
437 19
438 22
439 12
440 38
441 16
442 22
443 21
444 26
445 14
446 18
447 20
448 23
449 21
450 23
451 19
452 13
453 24
454 13
455 16
456 22
457 16
458 21
459 18
460 16
461 17
462 19
463 16
464 21
465 22
466 22
467 22
468 19
469 22
470 23
471 16
472 17
473 23
474 16
475 13
476 17
477 29
478 17
479 16
480 21
481 19
482 25
483 34
484 20
485 28
486 29
487 23
488 18
489 20
490 19
491 18
492 20
493 16
494 17
495 23
496 16
497 22
498 28
499 16
500 16
501 20
502 10
503 24
504 27
505 22
506 21
507 24
508 25
509 24
510 22
511 18
512 25
513 17
514 20
515 21
516 14
517 18
518 13
519 20
520 18
521 18
522 15
523 21
524 25
525 22
526 24
527 28
528 29
529 22
530 22
531 23
532 27
533 26
534 25
535 18
536 28
537 25
538 23
539 31
540 20
541 23
542 25
543 23
544 20
545 16
546 25
547 23
548 25
549 19
550 25
551 29
552 19
553 20
554 21
555 19
556 30
557 25
558 24
559 23
560 25
561 30
562 25
563 22
564 22
565 23
566 26
567 21
568 32
569 20
570 29
571 19
572 20
573 25
574 21
575 36
576 22
577 23
578 19
579 26
580 30
581 29
582 29
583 18
584 27
585 30
586 17
587 17
588 23
589 28
590 26
591 30
592 29
593 22
594 24
595 18
596 28
597 23
598 33
599 36
600 23
601 24
602 24
603 26
604 21
605 27
606 30
607 26
608 25
609 25
610 25
611 17
612 19
613 24
614 26
615 22
616 20
617 17
618 26
619 17
620 24
621 20
622 27
623 22
624 15
625 22
626 26
627 25
628 23
629 31
630 25
631 26
632 31
633 22
634 24
635 29
636 25
637 21
638 15
639 26
640 22
641 22
642 21
643 21
644 29
645 18
646 24
647 20
648 30
649 23
650 25
651 28
652 25
653 32
654 27
655 28
656 26
657 26
658 20
659 24
660 32
661 36
662 23
663 26
664 24
665 26
666 31
667 22
668 26
669 30
670 20
671 31
672 25
673 15
674 24
675 26
676 22
677 22
678 26
679 19
680 25
681 19
682 28
683 24
684 19
685 22
686 31
687 22
688 28
689 29
690 28
691 26
692 19
693 29
694 29
695 29
696 34
697 23
698 33
699 23
700 36
701 21
702 25
703 27
704 17
705 18
706 32
707 17
708 31
709 27
710 22
711 31
712 27
713 29
714 17
715 29
716 32
717 26
718 21
719 33
720 32
721 36
722 42
723 30
724 33
725 26
726 33
727 31
728 30
729 27
730 22
731 23
732 27
733 28
734 31
735 32
736 24
737 21
738 25
739 20
740 23
741 20
742 35
743 44
744 26
745 22
746 21
747 24
748 26
749 29
750 26
751 35
752 24
753 21
754 35
755 28
756 30
757 32
758 19
759 30
760 31
761 28
762 27
763 32
764 28
765 19
766 27
767 22
768 22
769 40
770 31
771 18
772 33
773 30
774 32
775 23
776 34
777 23
778 31
779 31
780 29
781 28
782 23
783 39
784 19
785 33
786 19
787 32
788 24
789 26
790 27
791 25
792 38
793 25
794 22
795 20
796 31
797 28
798 28
799 33
800 23
801 29
802 39
803 36
804 31
805 33
806 29
807 28
808 29
809 21
810 26
811 29
812 40
813 32
814 19
815 35
816 28
817 39
818 28
819 28
820 20
821 29
822 25
823 24
824 31
825 28
826 37
827 32
828 37
829 28
830 29
831 30
832 33
833 24
834 18
835 30
836 43
837 28
838 37
839 29
840 27
841 23
842 34
843 22
844 29
845 29
846 42
847 34
848 29
849 15
850 24
851 31
852 20
853 22
854 19
855 29
856 21
857 27
858 27
859 16
860 42
861 35
862 21
863 29
864 29
865 25
866 32
867 40
868 40
869 41
870 32
871 18
872 26
873 38
874 28
875 22
876 33
877 38
878 23
879 34
880 33
881 27
882 26
883 38
884 27
885 31
886 28
887 28
888 26
889 22
890 41
891 19
892 30
893 26
894 38
895 26
896 29
897 33
898 27
899 23
900 33
901 24
902 29
903 16
904 32
905 23
906 42
907 29
908 30
909 35
910 28
911 31
912 32
913 34
914 51
915 33
916 38
917 21
918 23
919 32
920 32
921 41
922 33
923 45
924 44
925 40
926 25
927 34
928 33
929 30
930 17
931 27
932 42
933 27
934 34
935 36
936 30
937 22
938 31
939 33
940 29
941 26
942 24
943 26
944 37
945 21
946 29
947 43
948 31
949 28
950 34
951 28
952 26
953 33
954 38
955 31
956 26
957 40
958 34
959 43
960 35
961 24
962 36
963 26
964 35
965 29
966 37
967 30
968 30
969 32
970 27
971 38
972 31
973 30
974 23
975 34
976 35
977 36
978 33
979 38
980 24
981 32
982 45
983 33
984 29
985 33
986 28
987 31
988 30
989 23
990 26
991 29
992 27
993 35
994 34
995 34
996 45
997 45
998 26
999 28
1000 36
1001 44
1002 44
1003 30
1004 26
1005 44
1006 45
1007 32
1008 34
1009 38
1010 32
1011 36
1012 31
1013 28
1014 25
1015 32
1016 37
1017 38
1018 28
1019 36
1020 29
1021 28
1022 37
1023 39
1024 37
1025 38
1026 35
1027 43
1028 39
1029 36
1030 41
1031 38
1032 34
1033 34
1034 31
1035 41
1036 41
1037 39
1038 33
1039 41
1040 29
1041 26
1042 29
1043 20
1044 35
1045 36
1046 40
1047 30
1048 36
1049 34
1050 34
1051 35
1052 43
1053 27
1054 43
1055 35
1056 28
1057 35
1058 37
1059 40
1060 38
1061 32
1062 39
1063 29
1064 34
1065 26
1066 37
1067 27
1068 37
1069 56
1070 25
1071 39
1072 30
1073 42
1074 32
1075 30
1076 28
1077 59
1078 43
1079 50
1080 37
1081 31
1082 23
1083 29
1084 31
1085 33
1086 31
1087 41
1088 33
1089 25
1090 32
1091 52
1092 36
1093 32
1094 39
1095 39
1096 28
1097 27
1098 29
1099 35
1100 29
1101 30
1102 32
1103 37
1104 25
1105 31
1106 38
1107 25
1108 29
1109 27
1110 23
1111 32
1112 28
1113 29
1114 24
1115 40
1116 36
1117 37
1118 41
1119 35
1120 40
1121 26
1122 39
1123 31
1124 43
1125 58
1126 36
1127 36
1128 32
1129 40
1130 30
1131 30
1132 49
1133 31
1134 43
1135 45
1136 55
1137 22
1138 48
1139 29
1140 53
1141 29
1142 40
1143 30
1144 38
1145 46
1146 41
1147 46
1148 33
1149 32
1150 31
1151 38
1152 28
1153 37
1154 31
1155 39
1156 54
1157 66
1158 33
1159 46
1160 37
1161 23
1162 42
1163 34
1164 36
1165 53
1166 38
1167 31
1168 46
1169 45
1170 49
1171 20
1172 47
1173 30
1174 38
1175 50
1176 53
1177 57
1178 44
1179 37
1180 33
1181 25
1182 34
1183 39
1184 38
1185 42
1186 49
1187 33
1188 34
1189 51
1190 48
1191 31
1192 42
1193 31
1194 54
1195 41
1196 34
1197 48
1198 32
1199 52
1200 37
1201 41
1202 37
1203 40
1204 37
1205 37
1206 59
1207 54
1208 40
1209 27
1210 60
1211 38
1212 38
1213 45
1214 41
1215 35
1216 32
1217 27
1218 38
1219 37
1220 34
1221 30
1222 34
1223 25
1224 40
1225 27
1226 90
1227 31
1228 31
1229 37
1230 35
1231 37
1232 44
1233 37
1234 43
1235 39
1236 39
1237 62
1238 48
1239 44
1240 38
1241 35
1242 59
1243 34
1244 37
1245 36
1246 44
1247 40
1248 41
1249 47
1250 35
1251 42
1252 32
1253 31
1254 29
1255 30
1256 41
1257 50
1258 38
1259 34
1260 39
1261 30
1262 29
1263 38
1264 36
1265 37
1266 30
1267 51
1268 45
1269 42
1270 59
1271 49
1272 37
1273 43
1274 44
1275 43
1276 36
1277 30
1278 48
1279 47
1280 36
1281 49
1282 41
1283 27
1284 68
1285 30
1286 27
1287 45
1288 38
1289 36
1290 43
1291 46
1292 60
1293 75
1294 34
1295 60
1296 37
1297 32
1298 40
1299 44
1300 25
1301 38
1302 46
1303 39
1304 61
1305 28
1306 39
1307 53
1308 68
1309 56
1310 45
1311 37
1312 28
1313 34
1314 24
1315 38
1316 46
1317 40
1318 28
1319 39
1320 49
1321 43
1322 96
1323 26
1324 36
1325 28
1326 35
1327 28
1328 31
1329 46
1330 41
1331 43
1332 40
1333 33
1334 80
1335 55
1336 31
1337 54
1338 32
1339 36
1340 40
1341 33
1342 53
1343 37
1344 31
1345 50
1346 32
1347 60
1348 45
1349 35
1350 35
1351 40
1352 37
1353 43
1354 39
1355 37
1356 43
1357 32
1358 32
1359 39
1360 36
1361 30
1362 40
1363 71
1364 54
1365 85
1366 31
1367 24
1368 41
1369 37
1370 32
1371 36
1372 26
1373 58
1374 59
1375 39
1376 38
1377 42
1378 61
1379 36
1380 57
1381 27
1382 34
1383 35
1384 45
1385 27
1386 48
1387 70
1388 58
1389 38
1390 78
1391 59
1392 72
1393 55
1394 39
1395 37
1396 37
1397 68
1398 33
1399 88
1400 44
1401 75
1402 115
1403 59
1404 38
1405 55
1406 45
1407 37
1408 28
1409 42
1410 47
1411 43
1412 53
1413 30
1414 68
1415 145
1416 54
1417 45
1418 62
1419 47
1420 29
1421 32
1422 39
1423 46
1424 32
1425 35
1426 79
1427 94
1428 64
1429 83
1430 41
1431 43
1432 65
1433 50
1434 41
1435 35
1436 41
1437 59
1438 36
1439 67
1440 92
1441 78
1442 61
1443 57
1444 33
1445 43
1446 44
1447 41
1448 84
1449 91
1450 92
1451 93
1452 112
1453 71
1454 38
1455 61
1456 43
1457 39
1458 34
1459 33
1460 30
1461 34
1462 75
1463 92
1464 83
1465 88
1466 34
1467 72
1468 58
1469 84
1470 140
1471 58
1472 34
1473 35
1474 34
1475 27
1476 33
1477 17
1478 31
1479 31
1480 61
1481 106
1482 67
1483 103
1484 143
1485 72
1486 162
1487 54
1488 59
1489 50
1490 53
1491 30
1492 35
1493 37
1494 37
1495 30
1496 31
1497 34
1498 37
1499 39
1500 41
1501 23
1502 37
1503 37
1504 32
1505 29
1506 37
1507 36
1508 46
1509 35
1510 34
1511 29
1512 25
1513 51
1514 42
1515 34
1516 23
1517 32
1518 48
1519 36
1520 39
1521 29
1522 31
1523 30
1524 53
1525 37
1526 31
1527 33
1528 39
1529 48
1530 48
1531 37
1532 43
1533 38
1534 44
1535 36
1536 39
1537 47
1538 46
1539 46
1540 40
1541 41
1542 44
1543 38
1544 37
1545 56
1546 52
1547 43
1548 68
1549 148
1550 100
1551 162
1552 75
1553 111
1554 33
1555 62
1556 44
1557 44
1558 131
1559 99
1560 132
1561 111
1562 74
1563 216
1564 74
1565 222
1566 38
1567 28
1568 55
1569 129
1570 188
1571 152
1572 81
1573 176
1574 489
1575 72
1576 80
1577 26
1578 34
1579 35
1580 26
1581 33
1582 41
1583 31
1584 47
1585 52
1586 144
1587 61
1588 250
1589 207
1590 488
1591 77
1592 57
1593 37
1594 32
1595 43
1596 33
1597 204
1598 285
1599 101
1600 128
1601 184
1602 251
1603 51
1604 59
1605 51
1606 41
1607 35
1608 32
1609 55
1610 41
1611 60
1612 87
1613 33
1614 118
1615 300
1616 144
1617 94
1618 80
1619 31
1620 52
1621 37
1622 35
1623 38
1624 39
1625 43
1626 36
1627 61
1628 72
1629 173
1630 83
1631 82
1632 157
1633 44
1634 87
1635 92
1636 124
1637 46
1638 62
1639 50
1640 37
1641 57
1642 49
1643 31
1644 43
1645 35
1646 40
1647 54
1648 73
1649 212
1650 154
1651 97
1652 68
1653 47
1654 37
1655 26
1656 35
1657 32
1658 31
1659 37
1660 42
1661 43
1662 90
1663 38
1664 67
1665 125
1666 170
1667 92
1668 54
1669 75
1670 98
1671 57
1672 101
1673 41
1674 47
1675 27
1676 38
1677 40
1678 50
1679 55
1680 96
1681 245
1682 129
1683 128
1684 131
1685 251
1686 76
1687 113
1688 188
1689 199
1690 61
1691 41
1692 58
1693 37
1694 40
1695 33
1696 36
1697 34
1698 39
1699 42
1700 192
1701 189
1702 107
1703 263
1704 761
1705 279
1706 86
1707 50
1708 51
1709 50
1710 36
1711 39
1712 51
1713 38
1714 40
1715 49
1716 50
1717 49
1718 54
1719 56
1720 48
1721 49
1722 52
1723 46
1724 38
1725 33
1726 35
1727 36
1728 39
1729 62
1730 58
1731 199
1732 423
1733 255
0 17
1 23
2 21
3 20
4 17
5 28
6 18
7 24
8 18
9 21
10 24
11 24
12 13
13 18
14 20
15 15
16 21
17 20
18 15
19 20
20 18
21 13
22 16
23 19
24 14
25 18
26 22
27 14
28 23
29 21
30 15
31 25
32 21
33 16
34 23
35 15
36 23
37 25
38 13
39 23
40 14
41 22
42 12
43 13
44 17
45 28
46 19
47 24
48 22
49 24
50 19
51 13
52 18
53 24
54 18
55 21
56 13
57 12
58 18
59 27
60 19
61 18
62 21
63 15
64 12
65 17
66 15
67 20
68 24
69 21
70 18
71 23
72 16
73 17
74 13
75 16
76 25
77 20
78 27
79 20
80 14
81 16
82 18
83 18
84 19
85 16
86 19
87 19
88 22
89 20
90 19
91 25
92 17
93 17
94 20
95 17
96 16
97 20
98 22
99 21
100 17
101 17
102 17
103 25
104 19
105 20
106 15
107 12
108 19
109 14
110 20
111 17
112 21
113 25
114 14
115 21
116 18
117 13
118 22
119 20
120 16
121 23
122 25
123 23
124 23
125 17
126 21
127 20
128 16
129 20
130 18
131 16
132 22
133 24
134 25
135 19
136 20
137 21
138 16
139 16
140 21
141 26
142 22
143 15
144 17
145 17
146 16
147 11
148 24
149 18
150 16
151 17
152 11
153 15
154 15
155 16
156 27
157 24
158 24
159 18
160 24
161 17
162 19
163 26
164 17
165 20
166 18
167 11
168 19
169 14
170 15
171 18
172 17
173 23
174 21
175 18
176 16
177 22
178 16
179 16
180 17
181 16
182 21
183 25
184 20
185 17
186 16
187 22
188 13
189 23
190 20
191 21
192 17
193 21
194 21
195 22
196 20
197 25
198 20
199 14
200 21
201 12
202 14
203 19
204 12
205 17
206 21
207 19
208 28
209 16
210 24
211 16
212 17
213 15
214 21
215 18
216 19
217 20
218 22
219 20
220 18
221 14
222 16
223 19
224 19
225 17
226 14
227 20
228 15
229 21
230 17
231 17
232 20
233 19
234 14
235 19
236 13
237 13
238 21
239 20
240 19
241 19
242 18
243 17
244 17
245 18
246 19
247 16
248 26
249 14
250 13
251 13
252 20
253 16
254 20
255 19
256 17
257 26
258 22
259 21
260 20
261 18
262 18
263 20
264 23
0 24
1 20
2 16
3 23
4 19
5 22
6 23
7 22
8 12
9 19
10 18
11 22
12 15
13 22
14 19
15 18
16 17
17 23
18 23
19 17
20 21
21 19
22 21
23 20
24 22
25 15
26 23
27 21
28 21
29 23
30 14
31 26
32 15
33 16
34 21
35 20
36 22
37 16
38 21
39 18
40 16
41 20
42 15
43 22
44 21
45 20
46 19
47 19
48 14
49 14
50 20
51 20
52 21
53 25
54 15
55 25
56 22
57 19
58 20
59 13
60 21
61 18
62 16
63 19
64 14
65 15
66 13
67 17
68 25
69 19
70 18
71 14
72 15
73 17
74 21
75 21
76 13
77 13
78 15
79 28
80 21
81 21
82 19
83 17
84 22
85 14
86 16
87 22
88 19
89 24
90 21
91 26
92 20
93 19
94 11
95 17
96 16
97 23
98 12
99 15
100 21
101 12
102 11
103 13
104 18
105 17
106 17
107 24
108 14
109 20
110 15
111 19
112 16
113 18
114 19
115 15
116 24
117 12
118 19
119 25
120 15
121 15
122 19
123 21
124 24
125 16
126 18
127 24
128 20
129 21
130 19
131 18
132 12
133 19
134 14
135 21
136 21
137 21
138 24
139 25
140 18
141 14
142 18
143 15
144 14
145 15
146 16
147 15
148 19
149 20
150 18
151 20
152 15
153 17
154 22
155 10
156 19
157 19
158 19
159 22
160 19
161 24
162 10
163 11
164 12
165 17
166 15
167 19
168 14
169 18
170 22
171 13
172 21
173 17
174 20
175 17
176 20
177 18
178 17
179 19
180 13
181 24
182 18
183 14
184 12
185 14
186 19
187 15
188 17
189 19
190 17
191 22
192 22
193 18
194 24
195 18
196 21
197 19
198 24
199 20
200 15
201 26
202 16
203 13
204 21
205 14
206 7
207 19
208 25
209 22
210 22
211 19
212 24
213 20
214 14
215 13
216 15
217 21
218 18
219 25
220 20
221 18
222 13
223 16
224 17
225 15
226 23
227 25
228 13
229 18
230 20
231 16
232 18
233 19
234 16
235 20
236 21
237 23
238 12
239 16
240 14
241 11
242 16
243 19
244 22
245 24
246 17
247 17
248 18
249 19
250 21
251 13
252 17
253 17
254 19
255 18
256 17
257 18
258 18
259 19
260 22
261 13
262 18
263 21
264 17
265 14
266 20
267 20
268 15
269 19
270 17
271 19
272 16
273 19
274 12
275 19
276 20
277 17
278 25
279 14
280 21
281 20
282 16
283 28
284 17
285 17
286 17
287 14
288 14
289 18
290 14
291 17
292 13
293 18
294 16
295 19
296 19
297 17
298 22
299 23
300 17
301 19
302 22
303 10
304 16
305 13
306 12
307 7
308 16
309 13
310 16
311 12
312 16
313 14
314 15
315 23
316 15
317 23
318 18
319 16
320 20
321 24
322 17
323 18
324 16
325 21
326 12
327 12
328 24
329 23
330 21
331 14
332 23
333 16
334 17
335 23
336 16
337 14
338 20
339 13
340 17
341 15
342 18
343 21
344 16
345 11
346 20
347 13
348 20
349 28
350 19
351 17
352 20
353 21
354 21
355 19
356 23
357 18
358 20
359 14
360 20
361 22
362 17
363 16
364 17
365 24
366 18
367 17
368 27
369 18
370 21
371 17
372 14
373 20
374 20
375 15
376 20
377 24
378 19
379 18
380 16
381 17
382 10
383 15
384 13
385 13
386 20
387 24
388 21
389 21
390 26
391 16
392 24
393 27
394 21
395 21
396 21
397 9
398 19
399 20
400 20
401 20
402 20
403 22
404 16
405 23
406 16
407 11
408 17
409 22
410 22
411 15
412 18
413 19
414 20
415 21
416 16
417 9
418 27
419 17
420 18
421 11
422 13
423 17
424 18
425 27
426 20
427 24
428 17
429 17
430 24
431 21
432 16
433 19
434 22
435 21
436 27
437 23
438 22
439 24
440 21
441 18
442 22
443 23
444 14
445 16
446 14
447 23
448 16
449 16
450 18
451 22
452 20
453 20
454 19
455 23
456 23
457 22
458 21
459 27
460 17
461 21
462 15
463 15
464 14
465 20
466 16
467 20
468 15
469 17
470 23
471 14
472 16
473 30
474 14
475 18
476 15
477 19
478 25
479 19
480 17
481 15
482 24
483 13
484 15
485 14
486 12
487 22
488 21
489 13
490 21
491 13
492 17
493 17
494 17
495 25
496 25
497 23
498 14
499 29
500 12
501 17
502 16
503 23
504 17
505 16
506 13
507 20
508 22
509 20
510 20
511 21
512 22
513 25
514 18
515 20
516 19
517 21
518 17
519 18
520 15
521 18
522 28
523 22
524 22
525 27
526 28
527 12
528 15
529 25
530 16
531 13
532 25
533 26
534 19
535 14
536 17
537 16
538 18
539 22
540 16
541 16
542 25
543 20
544 26
545 23
546 15
547 21
548 27
549 11
550 28
551 19
552 23
553 22
554 27
555 23
556 26
557 23
558 21
559 19
560 18
561 22
562 21
563 12
564 20
565 16
566 19
567 28
568 17
569 15
570 13
571 15
572 15
573 35
574 16
575 22
576 32
577 29
578 18
579 19
580 25
581 20
582 20
583 22
584 18
585 31
586 21
587 28
588 26
589 25
590 28
591 23
592 22
593 26
594 30
595 16
596 21
597 20
598 30
599 19
600 12
601 22
602 26
603 22
604 27
605 13
606 17
607 14
608 27
609 22
610 22
611 25
612 33
613 18
614 21
615 16
616 23
617 23
618 21
619 11
620 22
621 30
622 14
623 18
624 24
625 17
626 24
627 27
628 16
629 26
630 17
631 29
632 21
633 28
634 21
635 23
636 23
637 18
638 27
639 26
640 24
641 29
642 20
643 30
644 16
645 24
646 31
647 22
648 13
649 14
650 15
651 25
652 26
653 21
654 28
655 28
656 23
657 26
658 11
659 29
660 21
661 21
662 21
663 21
664 24
665 24
666 28
667 26
668 19
669 29
670 23
671 21
672 26
673 26
674 22
675 22
676 24
677 18
678 25
679 18
680 24
681 30
682 29
683 22
684 19
685 13
686 21
687 23
688 24
689 24
690 31
691 22
692 25
693 17
694 27
695 28
696 20
697 21
698 18
699 20
700 20
701 21
702 14
703 27
704 22
705 29
706 28
707 16
708 22
709 27
710 23
711 30
712 24
713 25
714 21
715 19
716 26
717 22
718 24
719 19
720 25
721 19
722 26
723 29
724 29
725 18
726 17
727 34
728 26
729 24
730 19
731 28
732 22
733 21
734 24
735 23
736 26
737 29
738 23
739 30
740 21
741 26
742 27
743 21
744 30
745 27
746 21
747 33
748 25
749 26
750 19
751 33
752 33
753 25
754 25
755 29
756 20
757 29
758 21
759 23
760 28
761 32
762 31
763 25
764 21
765 31
766 21
767 25
768 23
769 24
770 23
771 26
772 28
773 15
774 25
775 25
776 29
777 22
778 25
779 19
780 17
781 26
782 19
783 28
784 22
785 25
786 21
787 26
788 38
789 31
790 23
791 30
792 27
793 30
794 29
795 20
796 29
797 31
798 28
799 19
800 26
801 29
802 25
803 24
804 24
805 28
806 22
807 17
808 28
809 23
810 21
811 28
812 25
813 21
814 24
815 22
816 27
817 20
818 30
819 30
820 21
821 25
822 32
823 25
824 18
825 21
826 31
827 24
828 24
829 28
830 20
831 27
832 27
833 22
834 24
835 27
836 26
837 24
838 34
839 28
840 21
841 29
842 24
843 28
844 22
845 27
846 21
847 26
848 22
849 25
850 24
851 32
852 33
853 15
854 24
855 27
856 34
857 23
858 19
859 25
860 26
861 25
862 21
863 30
864 18
865 24
866 14
867 31
868 19
869 26
870 25
871 27
872 16
873 25
874 36
875 22
876 18
877 36
878 25
879 30
880 25
881 27
882 22
883 20
884 28
885 28
886 29
887 24
888 30
889 29
890 34
891 21
892 24
893 27
894 45
895 38
896 27
897 25
898 34
899 29
900 30
901 25
902 26
903 40
904 32
905 27
906 36
907 30
908 23
909 30
910 23
911 28
912 28
913 29
914 27
915 23
916 28
917 25
918 31
919 31
920 26
921 34
922 28
923 25
924 32
925 33
926 37
927 22
928 36
929 22
930 28
931 34
932 34
933 31
934 26
935 42
936 14
937 34
938 21
939 24
940 23
941 32
942 29
943 26
944 27
945 32
946 31
947 34
948 25
949 36
950 34
951 35
952 24
953 30
954 30
955 35
956 36
957 35
958 26
959 36
960 26
961 27
962 29
963 37
964 24
965 28
966 25
967 14
968 29
969 33
970 24
971 30
972 29
973 26
974 27
975 27
976 37
977 31
978 33
979 33
980 25
981 24
982 32
983 29
984 17
985 31
986 30
987 36
988 26
989 35
990 37
991 40
992 33
993 29
994 24
995 31
996 34
997 29
998 26
999 29
1000 40
1001 28
1002 23
1003 32
1004 27
1005 26
1006 24
1007 34
1008 24
1009 33
1010 28
1011 30
1012 26
1013 23
1014 26
1015 41
1016 24
1017 31
1018 28
1019 40
1020 26
1021 40
1022 36
1023 35
1024 43
1025 31
1026 32
1027 24
1028 31
1029 34
1030 41
1031 20
1032 30
1033 17
1034 31
1035 37
1036 34
1037 36
1038 33
1039 27
1040 29
1041 29
1042 36
1043 40
1044 25
1045 28
1046 28
1047 22
1048 27
1049 23
1050 33
1051 33
1052 27
1053 33
1054 28
1055 33
1056 37
1057 30
1058 31
1059 31
1060 38
1061 26
1062 34
1063 40
1064 20
1065 36
1066 26
1067 32
1068 22
1069 35
1070 24
1071 24
1072 29
1073 27
1074 45
1075 37
1076 33
1077 40
1078 39
1079 18
1080 42
1081 26
1082 30
1083 29
1084 30
1085 30
1086 39
1087 19
1088 29
1089 29
1090 44
1091 21
1092 38
1093 35
1094 34
1095 31
1096 27
1097 18
1098 30
1099 22
1100 35
1101 28
1102 40
1103 42
1104 27
1105 27
1106 43
1107 27
1108 29
1109 37
1110 46
1111 38
1112 38
1113 30
1114 30
1115 25
1116 27
1117 25
1118 34
1119 44
1120 24
1121 27
1122 32
1123 31
1124 29
1125 46
1126 27
1127 21
1128 32
1129 35
1130 33
1131 23
1132 32
1133 38
1134 41
1135 26
1136 23
1137 39
1138 44
1139 31
1140 34
1141 32
1142 38
1143 29
1144 31
1145 36
1146 25
1147 32
1148 25
1149 40
1150 29
1151 38
1152 35
1153 32
1154 45
1155 27
1156 36
1157 41
1158 18
1159 31
1160 44
1161 43
1162 59
1163 32
1164 26
1165 38
1166 40
1167 25
1168 36
1169 25
1170 33
1171 29
1172 37
1173 37
1174 25
1175 26
1176 25
1177 34
1178 39
1179 32
1180 29
1181 30
1182 30
1183 37
1184 36
1185 32
1186 22
1187 35
1188 34
1189 28
1190 26
1191 26
1192 31
1193 34
1194 27
1195 39
1196 42
1197 56
1198 35
1199 59
1200 26
1201 28
1202 38
1203 18
1204 46
1205 29
1206 37
1207 30
1208 36
1209 46
1210 48
1211 25
1212 29
1213 26
1214 29
1215 46
1216 26
1217 38
1218 34
1219 40
1220 31
1221 24
1222 40
1223 31
1224 37
1225 28
1226 42
1227 28
1228 24
1229 32
1230 29
1231 30
1232 34
1233 40
1234 26
1235 28
1236 29
1237 52
1238 40
1239 19
1240 57
1241 30
1242 34
1243 38
1244 32
1245 35
1246 38
1247 32
1248 34
1249 24
1250 37
1251 32
1252 34
1253 23
1254 29
1255 46
1256 29
1257 33
1258 43
1259 25
1260 26
1261 28
1262 36
1263 36
1264 26
1265 39
1266 40
1267 58
1268 42
1269 42
1270 36
1271 49
1272 32
1273 58
1274 33
1275 29
1276 50
1277 31
1278 35
1279 35
1280 35
1281 44
1282 51
1283 30
1284 38
1285 40
1286 38
1287 51
1288 27
1289 35
1290 36
1291 62
1292 59
1293 34
1294 48
1295 27
1296 31
1297 59
1298 50
1299 33
1300 38
1301 34
1302 32
1303 33
1304 25
1305 25
1306 29
1307 37
1308 50
1309 47
1310 44
1311 58
1312 31
1313 34
1314 38
1315 30
1316 33
1317 39
1318 39
1319 39
1320 42
1321 55
1322 44
1323 50
1324 37
1325 41
1326 42
1327 31
1328 35
1329 37
1330 26
1331 43
1332 38
1333 30
1334 20
1335 32
1336 48
1337 39
1338 40
1339 50
1340 42
1341 50
1342 40
1343 45
1344 44
1345 32
1346 41
1347 31
1348 49
1349 37
1350 50
1351 52
1352 26
1353 33
1354 40
1355 21
1356 35
1357 51
1358 38
1359 32
1360 45
1361 34
1362 20
1363 47
1364 31
1365 24
1366 43
1367 33
1368 32
1369 29
1370 57
1371 27
1372 51
1373 41
1374 41
1375 42
1376 38
1377 30
1378 38
1379 30
1380 29
1381 45
1382 29
1383 30
1384 58
1385 38
1386 33
1387 30
1388 75
1389 38
1390 33
1391 21
1392 39
1393 39
1394 56
1395 33
1396 55
1397 32
1398 45
1399 36
1400 39
1401 68
1402 46
1403 44
1404 42
1405 44
1406 40
1407 40
1408 47
1409 34
1410 35
1411 29
1412 42
1413 37
1414 51
1415 64
1416 44
1417 36
1418 50
1419 34
1420 30
1421 42
1422 27
1423 18
1424 32
1425 49
1426 60
1427 36
1428 47
1429 36
1430 33
1431 54
1432 33
1433 35
1434 57
1435 39
1436 32
1437 37
1438 52
1439 50
1440 34
1441 40
1442 65
1443 40
1444 33
1445 37
1446 30
1447 35
1448 29
1449 30
1450 44
1451 67
1452 38
1453 56
1454 53
1455 40
1456 46
1457 36
1458 40
1459 29
1460 37
1461 34
1462 23
1463 29
1464 39
1465 41
1466 29
1467 22
1468 32
1469 30
1470 41
1471 20
1472 46
1473 38
1474 30
1475 35
1476 33
1477 31
1478 22
1479 80
1480 57
1481 68
1482 37
1483 50
1484 38
1485 29
1486 35
1487 30
1488 33
1489 28
1490 33
1491 35
1492 33
1493 34
1494 62
1495 48
1496 31
1497 50
1498 45
1499 39
1500 36
1501 46
1502 29
1503 34
1504 34
1505 46
1506 63
1507 58
1508 58
1509 51
1510 53
1511 53
1512 47
1513 30
1514 32
1515 37
1516 56
1517 43
1518 37
1519 26
1520 48
1521 41
1522 41
1523 47
1524 70
1525 35
1526 63
1527 34
1528 27
1529 54
1530 37
1531 61
1532 47
1533 44
1534 38
1535 37
1536 28
1537 34
1538 38
1539 39
1540 39
1541 52
1542 34
1543 32
1544 31
1545 28
1546 49
1547 32
1548 60
1549 47
1550 41
1551 33
1552 44
1553 38
1554 35
1555 42
1556 73
1557 61
1558 40
1559 51
1560 60
1561 32
1562 35
1563 26
1564 35
1565 33
1566 32
1567 41
1568 41
1569 59
1570 56
1571 39
1572 52
1573 42
1574 41
1575 28
1576 30
1577 38
1578 35
1579 60
1580 69
1581 47
1582 33
1583 90
1584 40
1585 40
1586 49
1587 42
1588 27
1589 47
1590 39
1591 42
1592 46
1593 92
1594 56
1595 47
1596 60
1597 38
1598 50
1599 42
1600 42
1601 34
1602 34
1603 45
1604 46
1605 33
1606 34
1607 58
1608 70
1609 42
1610 56
1611 36
1612 38
1613 34
1614 32
1615 50
1616 67
1617 44
1618 80
1619 77
1620 77
1621 91
1622 69
1623 71
1624 30
1625 69
1626 49
1627 65
1628 80
1629 52
1630 91
1631 64
1632 64
1633 125
1634 45
1635 61
1636 47
1637 36
1638 60
1639 34
1640 36
1641 30
1642 35
1643 63
1644 119
1645 48
1646 88
1647 132
1648 68
1649 42
1650 46
1651 49
1652 33
1653 37
1654 33
1655 29
1656 27
1657 104
1658 68
1659 96
1660 83
1661 77
1662 48
1663 113
1664 45
1665 43
1666 36
1667 35
1668 34
1669 32
1670 33
1671 99
1672 86
1673 75
1674 80
1675 77
1676 37
1677 44
1678 35
1679 49
1680 39
1681 52
1682 63
1683 83
1684 27
1685 39
1686 35
1687 36
1688 39
1689 34
1690 35
1691 47
1692 36
1693 73
1694 128
1695 90
1696 58
1697 50
1698 48
1699 53
1700 29
1701 32
1702 32
1703 41
1704 37
1705 36
1706 108
1707 29
1708 47
1709 44
1710 46
1711 57
1712 27
1713 55
1714 62
1715 65
1716 40
1717 81
1718 54
1719 58
1720 32
1721 34
1722 104
1723 108
1724 85
1725 85
1726 59
1727 137
1728 56
1729 45
1730 68
1731 72
1732 99
1733 41
1734 95
1735 48
1736 50
1737 35
1738 60
1739 56
1740 49
1741 73
1742 92
1743 59
1744 77
1745 55
1746 72
1747 53
1748 69
1749 41
1750 37
1751 75
1752 82
1753 90
1754 128
1755 58
1756 58
1757 57
1758 38
1759 37
1760 38
1761 36
1762 36
1763 38
1764 35
1765 38
1766 52
1767 35
1768 61
1769 76
1770 87
1771 99
1772 78
1773 70
1774 30
1775 35
1776 34
1777 32
1778 32
1779 32
1780 36
1781 59
1782 127
1783 88
1784 96
1785 114
1786 131
1787 73
1788 114
1789 63
1790 37
1791 34
1792 32
1793 34
1794 48
1795 73
1796 94
1797 99
1798 73
1799 86
1800 136
1801 60
1802 166
1803 157
1804 90
1805 52
1806 29
1807 37
1808 34
1809 42
1810 36
1811 103
1812 103
1813 53
1814 79
1815 86
1816 74
1817 51
1818 50
1819 56
1820 50
1821 38
1822 44
1823 62
1824 43
1825 46
1826 92
1827 33
1828 56
1829 56
1830 215
1831 43
1832 101
1833 104
1834 106
1835 64
1836 202
1837 79
1838 111
1839 166
1840 182
1841 210
1842 80
1843 59
1844 31
1845 48
1846 37
1847 35
1848 32
1849 33
1850 33
1851 46
1852 50
1853 51
1854 331
1855 159
1856 166
1857 182
1858 85
1859 254
1860 68
1861 32
1862 37
1863 34
1864 41
1865 38
1866 32
1867 31
1868 32
1869 57
1870 50
1871 187
1872 74
1873 139
1874 196
1875 122
1876 205
1877 36
1878 41
1879 40
1880 33
1881 38
1882 30
1883 40
1884 31
1885 39
1886 64
1887 75
1888 62
1889 61
1890 132
1891 43
1892 30
1893 45
1894 36
1895 30
1896 39
1897 32
1898 52
1899 34
1900 71
1901 310
1902 472
1903 593
1904 66
1905 47
1906 40
1907 36
1908 29
1909 43
1910 38
1911 30
1912 29
1913 41
1914 58
1915 197
1916 74
1917 269
1918 288
1919 339
1920 564
1921 193
1922 55
1923 39
1924 48
1925 33
1926 40
1927 35
1928 39
1929 35
1930 34
1931 146
1932 39
1933 218
1934 60
1935 35
1936 121
1937 91
1938 58
1939 47
1940 54
1941 46
1942 58
1943 35
1944 67
1945 48
1946 115
0 16
1 20
2 15
3 16
4 17
5 20
6 18
7 19
8 18
9 20
10 19
11 17
12 20
13 22
14 27
15 17
16 21
17 26
18 29
19 23
20 13
21 22
22 21
23 12
24 20
25 19
26 14
27 16
28 22
29 19
30 14
31 17
32 13
33 15
34 19
35 20
36 23
37 25
38 18
39 12
40 19
41 20
42 19
43 19
44 25
45 16
46 21
47 13
48 15
49 19
50 13
51 20
52 20
53 21
54 22
55 23
56 12
57 14
58 19
59 18
60 19
61 20
62 19
63 18
64 20
65 18
66 12
67 16
68 23
69 18
70 18
71 24
72 16
73 18
74 21
75 18
76 14
77 16
78 19
79 12
80 19
81 21
82 21
83 17
84 22
85 22
86 25
87 17
88 15
89 10
90 25
91 16
92 12
93 16
94 17
95 16
96 18
97 26
98 19
99 12
100 14
101 15
102 19
103 20
104 15
105 19
106 16
107 23
108 25
109 19
110 24
111 20
112 25
113 17
114 18
115 14
116 18
117 25
118 17
119 20
120 13
121 12
122 20
123 16
124 27
125 17
126 21
127 23
128 18
129 20
130 15
131 21
132 16
133 15
134 15
135 24
136 16
137 19
138 17
139 15
140 16
141 19
142 19
143 20
144 23
145 16
146 21
147 18
148 16
149 22
150 15
151 25
152 18
153 19
154 21
155 15
156 11
157 18
158 14
159 15
160 18
161 19
162 27
163 18
164 16
165 20
166 27
167 16
168 17
169 13
170 13
171 17
172 14
173 14
174 18
175 19
176 15
177 17
178 18
179 15
180 19
181 19
182 23
183 27
184 19
185 16
186 24
187 22
188 14
189 15
190 14
191 18
192 14
193 16
194 15
195 22
196 22
197 13
198 26
199 17
200 15
201 19
202 18
203 14
204 17
205 19
206 17
207 17
208 19
209 22
210 10
211 22
212 17
213 13
214 20
215 20
216 14
217 15
218 23
219 14
220 22
221 22
222 18
223 24
224 16
225 22
226 15
227 17
228 21
229 11
230 14
231 15
232 13
233 20
234 15
235 19
236 18
237 15
238 15
239 20
240 19
241 19
242 18
243 17
244 19
245 19
246 24
247 22
248 24
249 21
250 19
251 19
252 17
253 17
254 14
255 15
256 14
257 19
258 23
259 21
260 23
261 12
262 16
263 16
264 17
265 17
266 23
267 23
268 20
269 17
270 17
271 18
272 19
273 11
274 14
275 25
276 21
277 17
278 20
279 19
280 12
281 28
282 17
283 17
284 25
285 19
286 14
287 17
288 29
289 26
290 19
291 14
292 15
293 21
294 28
295 13
296 16
297 29
298 18
299 13
300 18
301 20
302 11
303 16
304 14
305 24
306 16
307 13
308 16
309 16
310 19
311 21
312 23
313 21
314 19
315 17
316 16
317 21
318 20
319 20
320 17
321 17
322 24
323 17
324 20
325 21
326 26
327 16
328 14
329 18
330 25
331 23
332 30
333 21
334 19
335 16
336 13
337 16
338 18
339 28
340 20
341 11
342 18
343 23
344 14
345 27
346 26
347 20
348 21
349 25
350 22
351 15
352 17
353 20
354 19
355 15
356 18
357 18
358 16
359 20
360 18
361 13
362 30
363 26
364 16
365 20
366 18
367 17
368 20
369 18
370 18
371 20
372 21
373 13
374 22
375 17
376 20
377 18
378 17
379 17
380 20
381 17
382 24
383 20
384 15
385 12
386 21
387 26
388 21
389 21
390 21
391 21
392 23
393 18
394 22
395 16
396 20
397 28
398 19
399 15
400 26
401 18
402 23
403 26
404 28
405 35
406 18
407 21
408 25
409 19
410 18
411 29
412 28
413 28
414 23
415 29
416 24
417 28
418 23
419 17
420 17
421 22
422 25
423 21
424 21
425 21
426 31
427 22
428 23
429 18
430 26
431 27
432 27
433 21
434 12
435 22
436 25
437 23
438 16
439 20
440 24
441 21
442 19
443 21
444 19
445 16
446 27
447 22
448 28
449 25
450 20
451 11
452 27
453 27
454 10
455 14
456 27
457 18
458 24
459 32
460 20
461 21
462 14
463 26
464 24
465 25
466 25
467 27
468 32
469 23
470 22
471 17
472 22
473 24
474 18
475 21
476 23
477 22
478 26
479 27
480 20
481 33
482 26
483 20
484 17
485 28
486 26
487 19
488 19
489 25
490 23
491 16
492 22
493 24
494 24
495 30
496 24
497 19
498 11
499 25
500 30
501 22
502 25
503 28
504 16
505 28
506 21
507 28
508 25
509 25
510 21
511 26
512 33
513 28
514 26
515 33
516 20
517 21
518 22
519 24
520 26
521 21
522 26
523 27
524 21
525 25
526 28
527 33
528 19
529 30
530 20
531 31
532 23
533 26
534 25
535 20
536 31
537 25
538 18
539 23
540 29
541 28
542 19
543 25
544 29
545 31
546 30
547 25
548 24
549 27
550 32
551 31
552 34
553 27
554 24
555 25
556 32
557 23
558 23
559 26
560 29
561 38
562 18
563 35
564 14
565 19
566 30
567 28
568 35
569 25
570 22
571 26
572 32
573 27
574 17
575 23
576 24
577 19
578 21
579 16
580 27
581 22
582 24
583 29
584 23
585 25
586 18
587 23
588 33
589 31
590 31
591 14
592 21
593 30
594 18
595 18
596 20
597 28
598 21
599 33
600 23
601 26
602 27
603 19
604 25
605 33
606 32
607 21
608 30
609 21
610 26
611 21
612 31
613 23
614 23
615 22
616 43
617 30
618 31
619 43
620 26
621 26
622 31
623 22
624 26
625 25
626 28
627 23
628 41
629 25
630 33
631 15
632 18
633 31
634 29
635 33
636 28
637 33
638 27
639 30
640 28
641 36
642 37
643 32
644 22
645 30
646 28
647 33
648 13
649 25
650 36
651 30
652 32
653 21
654 27
655 27
656 20
657 32
658 30
659 28
660 28
661 33
662 27
663 28
664 18
665 31
666 20
667 25
668 34
669 24
670 33
671 17
672 26
673 26
674 26
675 30
676 32
677 30
678 26
679 25
680 29
681 31
682 31
683 29
684 30
685 27
686 31
687 33
688 42
689 30
690 24
691 30
692 20
693 31
694 21
695 26
696 17
697 25
698 33
699 30
700 34
701 23
702 32
703 22
704 25
705 12
706 27
707 34
708 26
709 29
710 27
711 23
712 32
713 24
714 31
715 29
716 28
717 35
718 32
719 34
720 29
721 26
722 24
723 27
724 25
725 24
726 32
727 16
728 32
729 24
730 30
731 19
732 34
733 25
734 33
735 23
736 27
737 25
738 35
739 30
740 37
741 26
742 40
743 19
744 20
745 31
746 32
747 30
748 33
749 25
750 23
751 33
752 30
753 29
754 37
755 23
756 34
757 26
758 19
759 31
760 11
761 28
762 45
763 35
764 18
765 28
766 30
767 27
768 28
769 32
770 34
771 28
772 37
773 31
774 36
775 35
776 31
777 36
778 33
779 24
780 30
781 28
782 20
783 22
784 22
785 39
786 22
787 21
788 26
789 35
790 26
791 36
792 34
793 37
794 33
795 36
796 31
797 39
798 34
799 26
800 35
801 32
802 29
803 36
804 32
805 39
806 34
807 31
808 34
809 31
810 32
811 30
812 29
813 32
814 32
815 33
816 31
817 27
818 30
819 30
820 29
821 32
822 29
823 30
824 27
825 26
826 31
827 31
828 38
829 30
830 16
831 27
832 30
833 35
834 26
835 30
836 34
837 40
838 27
839 33
840 30
841 35
842 38
843 31
844 34
845 33
846 41
847 36
848 30
849 34
850 26
851 35
852 22
853 30
854 31
855 34
856 29
857 36
858 33
859 34
860 32
861 29
862 35
863 37
864 38
865 35
866 30
867 34
868 37
869 34
870 23
871 37
872 24
873 33
874 43
875 22
876 34
877 33
878 29
879 31
880 45
881 32
882 45
883 39
884 29
885 27
886 34
887 29
888 27
889 40
890 31
891 33
892 32
893 24
894 42
895 47
896 30
897 32
898 30
899 36
900 33
901 27
902 24
903 36
904 38
905 29
906 27
907 30
908 42
909 30
910 44
911 32
912 41
913 35
914 37
915 26
916 42
917 31
918 40
919 39
920 38
921 32
922 39
923 27
924 33
925 34
926 32
927 33
928 37
929 36
930 41
931 36
932 44
933 40
934 27
935 32
936 26
937 34
938 38
939 44
940 24
941 27
942 33
943 43
944 27
945 29
946 19
947 26
948 33
949 46
950 33
951 28
952 28
953 29
954 29
955 32
956 26
957 46
958 34
959 31
960 36
961 35
962 34
963 24
964 37
965 30
966 17
967 41
968 40
969 59
970 29
971 36
972 33
973 40
974 38
975 33
976 58
977 42
978 38
979 33
980 30
981 35
982 25
983 39
984 36
985 38
986 36
987 39
988 33
989 26
990 44
991 40
992 26
993 30
994 29
995 31
996 25
997 29
998 35
999 50
1000 34
1001 37
1002 41
1003 45
1004 36
1005 38
1006 36
1007 40
1008 36
1009 50
1010 56
1011 34
1012 41
1013 41
1014 33
1015 34
1016 38
1017 33
1018 36
1019 30
1020 35
1021 34
1022 36
1023 29
1024 25
1025 31
1026 33
1027 25
1028 34
1029 30
1030 31
1031 42
1032 38
1033 23
1034 50
1035 48
1036 44
1037 45
1038 39
1039 45
1040 56
1041 31
1042 43
1043 51
1044 48
1045 50
1046 43
1047 48
1048 37
1049 48
1050 42
1051 48
1052 40
1053 49
1054 34
1055 44
1056 38
1057 45
1058 37
1059 48
1060 38
1061 30
1062 36
1063 39
1064 41
1065 34
1066 34
1067 37
1068 42
1069 38
1070 42
1071 37
1072 25
1073 40
1074 41
1075 41
1076 55
1077 41
1078 36
1079 29
1080 46
1081 31
1082 39
1083 37
1084 26
1085 40
1086 26
1087 46
1088 46
1089 35
1090 41
1091 35
1092 29
1093 32
1094 43
1095 45
1096 46
1097 46
1098 51
1099 32
1100 27
1101 41
1102 39
1103 33
1104 29
1105 49
1106 33
1107 52
1108 41
1109 21
1110 31
1111 31
1112 27
1113 28
1114 26
1115 38
1116 50
1117 52
1118 43
1119 45
1120 48
1121 60
1122 33
1123 48
1124 45
1125 32
1126 55
1127 45
1128 63
1129 57
1130 41
1131 55
1132 40
1133 34
1134 73
1135 34
1136 29
1137 39
1138 43
1139 45
1140 32
1141 34
1142 38
1143 25
1144 39
1145 22
1146 41
1147 34
1148 52
1149 50
1150 30
1151 33
1152 42
1153 45
1154 53
1155 38
1156 49
1157 27
1158 40
1159 42
1160 26
1161 36
1162 30
1163 29
1164 22
1165 44
1166 43
1167 30
1168 37
1169 30
1170 25
1171 37
1172 44
1173 42
1174 31
1175 40
1176 32
1177 60
1178 41
1179 73
1180 36
1181 42
1182 43
1183 26
1184 38
1185 37
1186 39
1187 26
1188 48
1189 40
1190 37
1191 40
1192 43
1193 49
1194 49
1195 37
1196 46
1197 31
1198 37
1199 35
1200 36
1201 68
1202 48
1203 55
1204 47
1205 106
1206 43
1207 71
1208 42
1209 41
1210 47
1211 99
1212 44
1213 39
1214 64
1215 40
1216 34
1217 57
1218 45
1219 41
1220 58
1221 29
1222 32
1223 42
1224 56
1225 29
1226 45
1227 47
1228 23
1229 34
1230 30
1231 35
1232 32
1233 42
1234 55
1235 69
1236 35
1237 26
1238 54
1239 39
1240 37
1241 51
1242 43
1243 33
1244 55
1245 48
1246 40
1247 42
1248 40
1249 48
1250 50
1251 51
1252 61
1253 58
1254 52
1255 60
1256 54
1257 58
1258 59
1259 88
1260 60
1261 55
1262 72
1263 68
1264 62
1265 70
1266 68
1267 45
1268 95
1269 53
1270 38
1271 43
1272 45
1273 51
1274 57
1275 57
1276 53
1277 41
1278 32
1279 68
1280 48
1281 55
1282 46
1283 54
1284 72
1285 74
1286 46
1287 45
1288 27
1289 33
1290 45
1291 35
1292 57
1293 57
1294 80
1295 82
1296 39
1297 42
1298 93
1299 68
1300 48
1301 39
1302 28
1303 32
1304 43
1305 78
1306 37
1307 49
1308 76
1309 41
1310 93
1311 44
1312 51
1313 40
1314 30
1315 68
1316 103
1317 52
1318 64
1319 58
1320 114
1321 65
1322 46
1323 66
1324 81
1325 46
1326 58
1327 28
1328 35
1329 32
1330 39
1331 57
1332 49
1333 62
1334 45
1335 60
1336 29
1337 29
1338 28
1339 32
1340 33
1341 34
1342 31
1343 54
1344 74
1345 90
1346 76
1347 93
1348 58
1349 39
1350 45
1351 65
1352 43
1353 79
1354 88
1355 164
1356 89
1357 73
1358 97
1359 68
1360 48
1361 100
1362 34
1363 33
1364 22
1365 46
1366 60
1367 42
1368 49
1369 42
1370 31
1371 31
1372 36
1373 76
1374 79
1375 70
1376 102
1377 35
1378 36
1379 37
1380 94
1381 121
1382 190
1383 72
1384 120
1385 117
1386 93
1387 173
1388 69
1389 93
1390 43
1391 41
1392 51
1393 67
1394 147
1395 82
1396 51
1397 80
1398 45
1399 95
1400 26
1401 30
1402 26
1403 31
1404 46
1405 46
1406 65
1407 31
1408 28
1409 35
1410 51
1411 120
1412 154
1413 211
1414 117
1415 407
1416 81
1417 36
1418 26
1419 41
1420 37
1421 35
1422 43
1423 30
1424 25
1425 39
1426 33
1427 36
1428 67
1429 30
1430 40
1431 34
1432 34
1433 34
1434 54
1435 102
1436 274
1437 85
1438 334
1439 97
1440 141
1441 65
1442 45
1443 32
1444 27
1445 29
1446 42
1447 44
1448 44
1449 141
1450 123
1451 269
1452 301
1453 263
1454 133
1455 31
1456 36
1457 28
1458 35
1459 123
1460 38
1461 179
1462 271
1463 534
1464 37
1465 51
1466 44
1467 64
1468 39
1469 48
1470 33
1471 62
1472 39
1473 31
1474 79
1475 40
1476 35
1477 47
1478 98
1479 41
1480 36
1481 30
1482 35
1483 25
1484 32
1485 31
1486 36
1487 45
1488 49
1489 149
1490 85
1491 50
1492 35
1493 40
1494 41
1495 34
1496 62
1497 48
1498 91
1499 57
1500 104
1501 165
1502 144
1503 215
1504 606
1505 45
1506 43
1507 44
1508 38
1509 37
1510 44
1511 63
1512 34
1513 66
1514 40
1515 42
1516 38
1517 43
1518 40
1519 36
1520 36
1521 41
1522 68
1523 75
1524 74
1525 96
1526 439
1527 798
1528 73
1529 36
1530 59
1531 37
1532 53
1533 29
1534 35
1535 36
1536 29
1537 36
1538 43
1539 39
1540 42
1541 53
1542 54
1543 165
1544 357
1545 549
1546 344
1547 88
1548 39
1549 43
1550 57
1551 33
1552 44
1553 41
1554 1296
1555 1424
1556 80
1557 51
1558 35
1559 38
1560 32
1561 31
1562 29
1563 36
1564 66
1565 36
1566 33
1567 36
1568 40
0 21
1 23
2 18
3 14
4 23
5 16
6 19
7 21
8 21
9 23
10 17
11 17
12 20
13 12
14 19
15 21
16 24
17 17
18 17
19 21
20 23
21 17
22 19
23 18
24 22
25 17
26 18
27 18
28 14
29 17
30 15
31 24
32 23
33 24
34 23
35 19
36 21
37 20
38 17
39 19
40 23
41 23
42 16
43 21
44 23
45 21
46 15
47 21
48 15
49 23
50 24
51 19
0 21
1 15
2 22
3 18
4 18
5 20
6 18
7 21
8 20
9 16
10 15
11 16
12 17
13 17
14 19
15 23
16 22
17 22
18 15
19 20
20 19
21 16
22 17
23 23
24 21
25 22
26 24
27 19
28 15
29 19
30 14
31 18
32 16
33 19
34 14
35 23
36 14
37 20
38 19
39 15
40 20
41 18
42 23
43 25
44 21
45 17
46 20
47 16
48 22
49 19
50 19
51 27
52 23
53 20
54 18
55 21
56 18
57 16
58 14
59 20
60 20
61 24
62 17
63 15
64 19
65 23
66 26
67 22
68 22
69 16
70 18
71 22
72 23
73 23
74 17
75 21
76 24
77 20
78 25
79 26
80 21
81 21
82 30
83 13
84 21
85 13
86 18
87 21
88 14
89 17
90 19
91 13
92 20
93 23
94 20
95 21
96 23
97 17
98 19
99 20
100 20
101 21
102 20
103 22
104 12
105 15
106 19
107 16
108 15
109 20
110 19
111 17
112 16
113 20
114 22
115 17
116 16
117 17
118 20
119 15
120 25
121 21
122 17
123 15
124 24
125 19
126 18
127 12
128 18
129 15
130 23
131 20
132 23
133 16
134 21
135 15
136 22
137 14
138 20
139 18
140 16
141 20
142 19
143 14
144 22
145 26
146 22
147 22
148 17
149 23
150 15
151 17
152 18
153 20
154 18
155 15
156 20
157 20
158 15
159 18
160 13
161 15
162 14
163 21
164 20
165 14
166 24
167 19
168 19
169 20
170 15
171 22
172 23
173 13
174 24
175 16
176 23
177 23
178 22
179 26
180 25
181 16
182 24
183 19
184 18
185 21
186 13
187 17
188 25
189 18
190 20
191 10
192 21
193 16
194 15
195 22
196 16
197 19
198 18
199 17
200 16
201 19
202 19
203 13
204 19
205 17
206 18
207 15
208 18
209 21
210 24
211 15
212 15
213 16
214 15
215 15
216 19
217 15
218 19
219 15
220 27
221 14
222 16
223 18
224 19
225 14
226 14
227 17
228 19
229 17
230 21
231 17
232 21
233 15
234 14
235 17
236 19
237 21
238 18
239 20
240 23
241 22
242 17
243 19
244 18
245 26
246 21
247 19
248 15
249 20
250 16
251 16
252 16
253 18
254 26
255 19
256 17
257 22
258 13
259 18
260 23
261 11
262 13
263 17
264 18
265 23
266 21
267 19
268 19
269 19
270 14
271 20
272 18
273 17
274 16
275 18
276 14
277 23
278 11
279 21
280 23
281 22
282 20
283 23
284 20
285 18
286 17
287 18
288 15
289 21
290 18
291 20
292 16
293 23
294 22
295 17
296 26
297 16
298 18
299 20
300 15
301 14
302 20
303 20
304 14
305 19
306 21
307 22
308 12
309 21
310 21
311 17
312 17
313 18
314 12
315 16
316 21
317 15
318 22
319 18
320 19
321 14
322 21
323 16
324 19
325 20
326 18
327 15
328 18
329 25
330 17
331 11
332 24
333 19
334 20
335 20
336 27
337 22
338 21
339 26
340 16
341 22
342 20
343 24
344 26
345 23
346 16
347 20
348 18
349 16
350 22
351 22
352 12
353 21
354 27
355 17
356 18
357 24
358 12
359 20
360 22
361 20
362 28
363 19
364 26
365 20
366 21
367 23
368 23
369 22
370 18
371 16
372 19
373 19
374 21
375 19
376 30
377 18
378 21
379 22
380 24
381 20
382 27
383 20
384 18
385 20
386 28
387 24
388 21
389 18
390 24
391 22
392 27
393 16
394 22
395 23
396 20
397 16
398 23
399 23
400 21
401 22
402 20
403 23
404 22
405 19
406 17
407 15
408 20
409 19
410 21
411 15
412 27
413 23
414 18
415 29
416 24
417 14
418 17
419 18
420 20
421 22
422 14
423 19
424 21
425 21
426 21
427 21
428 25
429 33
430 18
431 31
432 26
433 22
434 30
435 24
436 21
437 20
438 15
439 34
440 21
441 20
442 19
443 12
444 30
445 15
446 14
447 26
448 25
449 23
450 19
451 25
452 29
453 17
454 27
455 20
456 10
457 20
458 20
459 32
460 14
461 24
462 15
463 20
464 15
465 15
466 18
467 11
468 18
469 18
470 21
471 24
472 20
473 26
474 22
475 15
476 15
477 15
478 22
479 18
480 17
481 24
482 20
483 18
484 18
485 15
486 24
487 27
488 25
489 20
490 22
491 18
492 29
493 18
494 22
495 23
496 28
497 14
498 29
499 16
500 24
501 17
502 21
503 33
504 22
505 23
506 23
507 23
508 24
509 25
510 26
511 18
512 22
513 25
514 17
515 28
516 22
517 30
518 23
519 27
520 25
521 16
522 16
523 23
524 27
525 26
526 24
527 22
528 22
529 26
530 28
531 25
532 26
533 22
534 22
535 14
536 24
537 21
538 27
539 31
540 23
541 32
542 20
543 29
544 16
545 20
546 26
547 30
548 19
549 21
550 19
551 20
552 18
553 21
554 20
555 23
556 30
557 27
558 24
559 26
560 23
561 28
562 24
563 25
564 25
565 23
566 35
567 23
568 26
569 32
570 28
571 14
572 22
573 28
574 18
575 17
576 27
577 21
578 20
579 23
580 25
581 27
582 23
583 23
584 26
585 18
586 28
587 23
588 32
589 25
590 32
591 23
592 27
593 17
594 25
595 27
596 27
597 27
598 26
599 22
600 25
601 28
602 22
603 19
604 25
605 29
606 29
607 29
608 22
609 22
610 22
611 18
612 18
613 26
614 14
615 19
616 36
617 26
618 25
619 32
620 28
621 22
622 24
623 29
624 25
625 29
626 33
627 29
628 28
629 32
630 22
631 24
632 21
633 23
634 21
635 21
636 29
637 34
638 26
639 24
640 23
641 32
642 36
643 33
644 36
645 34
646 21
647 18
648 19
649 24
650 26
651 26
652 30
653 22
654 27
655 22
656 28
657 26
658 29
659 25
660 23
661 26
662 21
663 24
664 24
665 26
666 33
667 45
668 20
669 26
670 24
671 31
672 16
673 30
674 18
675 26
676 35
677 27
678 36
679 34
680 26
681 20
682 34
683 15
684 35
685 29
686 32
687 20
688 26
689 24
690 26
691 33
692 20
693 28
694 28
695 29
696 26
697 27
698 22
699 27
700 39
701 31
702 30
703 24
704 31
705 28
706 33
707 30
708 30
709 24
710 23
711 28
712 35
713 32
714 32
715 13
716 34
717 26
718 20
719 21
720 25
721 25
722 20
723 27
724 34
725 36
726 25
727 21
728 31
729 30
730 27
731 31
732 35
733 36
734 27
735 25
736 22
737 21
738 31
739 26
740 23
741 32
742 32
743 33
744 15
745 24
746 21
747 33
748 27
749 47
750 37
751 45
752 32
753 24
754 30
755 33
756 29
757 28
758 28
759 28
760 38
761 42
762 28
763 30
764 23
765 26
766 35
767 32
768 36
769 25
770 32
771 14
772 25
773 33
774 38
775 29
776 21
777 26
778 34
779 41
780 31
781 33
782 30
783 34
784 35
785 28
786 32
787 45
788 37
789 34
790 22
791 24
792 27
793 24
794 26
795 41
796 21
797 36
798 35
799 41
800 32
801 33
802 33
803 36
804 25
805 30
806 35
807 32
808 23
809 38
810 33
811 33
812 22
813 35
814 24
815 23
816 33
817 30
818 27
819 30
820 29
821 27
822 37
823 22
824 31
825 30
826 38
827 24
828 40
829 36
830 35
831 36
832 27
833 22
834 21
835 30
836 24
837 37
838 25
839 30
840 37
841 33
842 23
843 34
844 32
845 33
846 31
847 27
848 38
849 29
850 34
851 36
852 25
853 27
854 28
855 33
856 23
857 30
858 24
859 29
860 29
861 29
862 26
863 31
864 29
865 32
866 28
867 34
868 40
869 25
870 26
871 20
872 38
873 39
874 25
875 42
876 36
877 31
878 43
879 33
880 25
881 32
882 26
883 26
884 24
885 25
886 27
887 35
888 51
889 19
890 25
891 25
892 36
893 42
894 36
895 35
896 28
897 34
898 31
899 32
900 33
901 29
902 28
903 29
904 43
905 31
906 28
907 30
908 38
909 31
910 37
911 31
912 33
913 26
914 47
915 44
916 35
917 21
918 23
919 25
920 40
921 30
922 20
923 33
924 31
925 29
926 27
927 35
928 33
929 24
930 36
931 28
932 31
933 25
934 31
935 25
936 37
937 31
938 35
939 40
940 30
941 22
942 38
943 32
944 24
945 42
946 29
947 28
948 35
949 26
950 23
951 42
952 38
953 29
954 28
955 37
956 30
957 30
958 30
959 32
960 31
961 26
962 33
963 23
964 24
965 36
966 35
967 33
968 32
969 25
970 31
971 34
972 32
973 38
974 49
975 34
976 29
977 15
978 42
979 29
980 30
981 22
982 32
983 26
984 36
985 36
986 34
987 39
988 31
989 24
990 31
991 45
992 33
993 34
994 38
995 33
996 29
997 26
998 32
999 33
1000 33
1001 29
1002 32
1003 30
1004 37
1005 34
1006 47
1007 32
1008 24
1009 29
1010 27
1011 35
1012 35
1013 30
1014 49
1015 26
1016 38
1017 47
1018 27
1019 34
1020 34
1021 35
1022 37
1023 42
1024 41
1025 52
1026 32
1027 27
1028 26
1029 36
1030 38
1031 31
1032 40
1033 32
1034 29
1035 35
1036 40
1037 26
1038 47
1039 43
1040 44
1041 45
1042 35
1043 33
1044 41
1045 28
1046 36
1047 35
1048 41
1049 35
1050 54
1051 48
1052 35
1053 41
1054 36
1055 37
1056 47
1057 23
1058 28
1059 43
1060 30
1061 22
1062 37
1063 38
1064 28
1065 38
1066 21
1067 37
1068 45
1069 36
1070 46
1071 38
1072 34
1073 50
1074 34
1075 28
1076 25
1077 32
1078 33
1079 35
1080 34
1081 45
1082 37
1083 55
1084 50
1085 26
1086 26
1087 39
1088 32
1089 42
1090 42
1091 42
1092 60
1093 32
1094 36
1095 32
1096 38
1097 31
1098 30
1099 31
1100 26
1101 49
1102 35
1103 29
1104 47
1105 35
1106 35
1107 47
1108 38
1109 44
1110 33
1111 33
1112 41
1113 22
1114 32
1115 38
1116 29
1117 23
1118 35
1119 52
1120 43
1121 43
1122 31
1123 44
1124 40
1125 36
1126 37
1127 32
1128 31
1129 34
1130 26
1131 35
1132 25
1133 19
1134 37
1135 28
1136 27
1137 28
1138 31
1139 32
1140 30
1141 33
1142 30
1143 38
1144 36
1145 40
1146 38
1147 33
1148 36
1149 35
1150 25
1151 31
1152 39
1153 44
1154 43
1155 33
1156 37
1157 33
1158 33
1159 47
1160 42
1161 29
1162 38
1163 41
1164 30
1165 34
1166 46
1167 35
1168 30
1169 41
1170 33
1171 45
1172 26
1173 36
1174 46
1175 39
1176 45
1177 50
1178 66
1179 31
1180 38
1181 43
1182 36
1183 52
1184 61
1185 48
1186 24
1187 43
1188 42
1189 47
1190 33
1191 34
1192 35
1193 46
1194 25
1195 31
1196 41
1197 53
1198 16
1199 34
1200 31
1201 24
1202 36
1203 37
1204 39
1205 44
1206 40
1207 27
1208 43
1209 31
1210 67
1211 38
1212 27
1213 27
1214 36
1215 30
1216 37
1217 66
1218 39
1219 54
1220 53
1221 62
1222 32
1223 22
1224 30
1225 26
1226 29
1227 27
1228 56
1229 44
1230 42
1231 27
1232 45
1233 39
1234 35
1235 37
1236 39
1237 33
1238 38
1239 37
1240 45
1241 34
1242 43
1243 31
1244 36
1245 34
1246 37
1247 27
1248 28
1249 53
1250 45
1251 46
1252 44
1253 37
1254 41
1255 35
1256 26
1257 33
1258 32
1259 46
1260 35
1261 45
1262 40
1263 49
1264 56
1265 62
1266 53
1267 48
0 22
1 17
2 16
3 13
4 19
5 23
6 21
7 19
8 26
9 22
10 16
11 25
12 20
13 26
14 17
15 13
16 14
17 21
18 19
19 21
20 18
21 19
22 25
23 19
24 19
25 12
26 24
27 12
28 16
29 19
30 11
31 20
32 26
33 20
34 15
35 16
36 25
37 20
38 16
39 17
40 22
41 16
42 12
43 19
44 24
45 16
46 18
47 17
48 18
49 20
50 15
51 20
52 15
53 18
54 21
55 17
56 19
57 22
58 13
59 19
60 14
61 26
62 15
63 16
64 20
65 21
66 18
67 18
68 23
69 19
70 19
71 19
72 22
73 16
74 17
75 23
76 21
77 18
78 17
79 23
80 15
81 28
82 14
83 20
84 25
85 12
86 18
87 14
88 18
89 14
90 15
91 20
92 22
93 20
94 23
95 18
96 18
97 20
98 20
99 20
100 15
101 18
102 22
103 13
104 24
105 14
106 19
107 20
108 24
109 19
110 16
111 14
112 22
113 22
114 22
115 15
116 27
117 18
118 24
119 21
120 22
121 22
122 20
123 26
124 23
125 18
126 17
127 14
128 16
129 19
130 14
131 23
132 15
133 26
134 16
135 18
136 19
137 24
138 20
139 24
140 17
141 18
142 19
143 23
144 19
145 15
146 18
147 11
148 16
149 16
150 20
151 16
152 19
153 23
154 26
155 18
156 21
157 15
158 24
159 14
160 15
161 21
162 19
163 13
164 16
165 15
166 23
167 23
168 18
169 18
170 19
171 19
172 22
173 21
174 16
175 20
176 20
177 23
178 21
179 22
180 18
181 18
182 17
183 23
184 19
185 15
186 20
187 20
188 17
189 15
190 16
191 15
192 16
193 24
194 19
195 26
196 19
197 18
198 18
199 15
200 14
201 19
202 14
203 16
204 16
205 20
206 13
207 18
208 18
209 20
210 12
211 15
212 21
213 18
214 23
215 17
216 23
217 19
218 21
219 18
220 19
221 15
222 15
223 13
224 18
225 15
226 19
227 19
228 13
229 13
230 23
231 14
232 22
233 24
234 16
235 14
236 15
237 20
238 21
239 19
240 17
241 19
242 20
243 24
244 15
245 14
246 15
247 20
248 18
249 26
250 20
251 23
252 20
253 18
254 17
255 19
256 17
257 18
258 21
259 18
260 20
261 15
262 17
263 16
264 18
265 25
266 24
267 22
268 18
269 21
270 18
271 14
272 21
273 18
274 20
275 15
276 15
277 16
278 20
279 20
280 16
281 22
282 26
283 19
284 18
285 20
286 21
287 19
288 19
289 20
290 14
291 18
292 20
293 20
294 21
295 17
296 18
297 19
298 17
299 15
300 20
301 20
302 18
303 23
304 21
305 21
306 20
307 23
308 18
309 22
310 19
311 13
312 14
313 22
314 20
315 20
316 16
317 15
318 18
319 16
320 17
321 21
322 10
323 11
324 24
325 19
326 18
327 25
328 13
329 16
330 16
331 20
332 26
333 22
334 16
335 15
336 14
337 22
338 16
339 17
340 13
341 23
342 20
343 19
344 24
345 16
346 15
347 20
348 14
349 17
350 20
351 13
352 24
353 23
354 20
355 24
356 13
357 19
358 22
359 17
360 14
361 18
362 21
363 21
364 22
365 18
366 22
367 28
368 20
369 20
370 22
371 22
372 16
373 18
374 28
375 17
376 24
377 18
378 14
379 16
380 26
381 28
382 16
383 14
384 12
385 13
386 21
387 12
388 17
389 21
390 15
391 13
392 17
393 21
394 23
395 16
396 22
397 17
398 19
399 17
400 16
401 20
402 27
403 24
404 13
405 24
406 22
407 20
408 16
409 19
410 26
411 17
412 13
413 19
414 19
415 17
416 15
417 12
418 21
419 20
420 24
421 22
422 20
423 24
424 20
425 14
426 22
427 16
428 24
429 20
430 24
431 22
432 20
433 22
434 18
435 25
436 24
437 20
438 20
439 20
440 18
441 24
442 13
443 19
444 18
445 18
446 13
447 15
448 19
449 21
450 28
451 23
452 22
453 20
454 22
455 20
456 23
457 21
458 24
459 21
460 13
461 18
462 18
463 26
464 15
465 22
466 24
467 23
468 26
469 19
470 16
471 16
472 27
473 15
474 27
475 13
476 20
477 20
478 27
479 17
480 21
481 22
482 20
483 17
484 27
485 22
486 30
487 20
488 27
489 21
490 17
491 25
492 21
493 25
494 21
495 25
496 23
497 27
498 27
499 26
500 26
501 35
502 28
503 14
504 20
505 28
506 14
507 14
508 22
509 28
510 25
511 19
512 23
513 18
514 23
515 25
516 14
517 26
518 18
519 19
520 22
521 23
522 23
523 22
524 23
525 20
526 22
527 24
528 25
529 33
530 23
531 18
532 26
533 16
534 27
535 26
536 16
537 25
538 23
539 27
540 17
541 29
542 29
543 17
544 25
545 25
546 16
547 19
548 20
549 17
550 28
551 27
552 18
553 27
554 28
555 25
556 24
557 20
558 27
559 18
560 19
561 20
562 26
563 18
564 21
565 21
566 22
567 22
568 23
569 26
570 27
571 30
572 22
573 21
574 29
575 28
576 24
577 29
578 25
579 20
580 32
581 32
582 19
583 20
584 30
585 23
586 24
587 25
588 16
589 26
590 21
591 29
592 18
593 25
594 22
595 22
596 24
597 26
598 28
599 20
600 25
601 24
602 24
603 21
604 30
605 21
606 20
607 22
608 25
609 23
610 19
611 21
612 25
613 29
614 21
615 24
616 27
617 19
618 22
619 26
620 24
621 27
622 22
623 29
624 17
625 27
626 25
627 26
628 27
629 28
630 15
631 23
632 20
633 17
634 22
635 22
636 22
637 24
638 23
639 24
640 27
641 29
642 27
643 24
644 30
645 26
646 26
647 21
648 24
649 24
650 27
651 21
652 17
653 26
654 22
655 27
656 30
657 26
658 27
659 23
660 25
661 22
662 17
663 22
664 27
665 26
666 22
667 24
668 28
669 29
670 22
671 24
672 27
673 24
674 24
675 28
676 28
677 21
678 31
679 18
680 27
681 20
682 20
683 22
684 23
685 22
686 22
687 22
688 24
689 28
690 23
691 27
692 27
693 25
694 23
695 32
696 30
697 20
698 23
699 19
700 20
701 25
702 18
703 26
704 25
705 28
706 33
707 16
708 25
709 28
710 30
711 22
712 27
713 23
714 24
715 22
716 24
717 20
718 26
719 24
720 28
721 21
722 31
723 21
724 18
725 14
726 23
727 22
728 20
729 24
730 24
731 30
732 26
733 20
734 17
735 13
736 26
737 19
738 28
739 19
740 30
741 25
742 26
743 27
744 31
745 24
746 29
747 27
748 27
749 31
750 25
751 27
752 28
753 31
754 25
755 27
756 26
757 23
758 18
759 24
760 20
761 24
762 30
763 27
764 28
765 22
766 27
767 18
768 32
769 20
770 22
771 24
772 28
773 30
774 23
775 30
776 25
777 33
778 29
779 19
780 21
781 29
782 29
783 39
784 29
785 32
786 28
787 29
788 26
789 27
790 28
791 25
792 27
793 33
794 30
795 31
796 19
797 27
798 30
799 19
800 26
801 31
802 25
803 23
804 24
805 18
806 26
807 30
808 36
809 23
810 27
811 39
812 26
813 32
814 35
815 25
816 29
817 29
818 29
819 22
820 18
821 30
822 28
823 22
824 26
825 29
826 27
827 30
828 26
829 26
830 27
831 27
832 27
833 27
834 26
835 24
836 25
837 37
838 26
839 17
840 30
841 30
842 24
843 21
844 37
845 32
846 32
847 24
848 26
849 29
850 33
851 29
852 37
853 27
854 30
855 24
856 25
857 28
858 28
859 23
860 33
861 37
862 32
863 29
864 23
865 34
866 26
867 35
868 32
869 40
870 25
871 30
872 29
873 21
874 29
875 29
876 23
877 29
878 25
879 16
880 25
881 27
882 36
883 32
884 27
885 32
886 33
887 28
888 32
889 26
890 24
891 26
892 27
893 25
894 23
895 24
896 27
897 48
898 25
899 27
900 27
901 26
902 31
903 28
904 24
905 22
906 24
907 33
908 31
909 25
910 31
911 29
912 25
913 30
914 29
915 26
916 30
917 31
918 24
919 18
920 25
921 27
922 28
923 24
924 25
925 31
926 25
927 27
928 38
929 32
930 27
931 36
932 31
933 28
934 33
935 32
936 34
937 37
938 33
939 26
940 24
941 28
942 32
943 41
944 25
945 32
946 14
947 45
948 22
949 30
950 33
951 30
952 21
953 30
954 30
955 29
956 36
957 29
958 33
959 33
960 31
961 29
962 31
963 24
964 30
965 35
966 30
967 41
968 26
969 23
970 32
971 29
972 32
973 27
974 24
975 29
976 33
977 29
978 26
979 31
980 23
981 29
982 33
983 33
984 30
985 27
986 24
987 30
988 21
989 26
990 30
991 24
992 35
993 29
994 35
995 24
996 27
997 36
998 31
999 27
1000 34
1001 30
1002 48
1003 28
1004 21
1005 34
1006 35
1007 21
1008 30
1009 25
1010 31
1011 27
1012 21
1013 30
1014 36
1015 26
1016 32
1017 27
1018 30
1019 26
1020 28
1021 35
1022 34
1023 36
1024 21
1025 38
1026 24
1027 30
1028 28
1029 32
1030 32
1031 25
1032 40
1033 38
1034 29
1035 32
1036 33
1037 32
1038 24
1039 30
1040 26
1041 32
1042 30
1043 26
1044 29
1045 47
1046 22
1047 30
1048 25
1049 31
1050 37
1051 29
1052 28
1053 29
1054 27
1055 32
1056 28
1057 28
1058 30
1059 33
1060 26
1061 30
1062 27
1063 21
1064 33
1065 27
1066 29
1067 29
1068 25
1069 34
1070 33
1071 35
1072 33
1073 33
1074 33
1075 31
1076 26
1077 31
1078 34
1079 24
1080 30
1081 32
1082 33
1083 27
1084 24
1085 35
1086 22
1087 24
1088 37
1089 31
1090 26
1091 34
1092 30
1093 39
1094 35
1095 23
1096 33
1097 37
1098 21
1099 30
1100 24
1101 21
1102 28
1103 25
1104 35
1105 25
1106 26
1107 25
1108 31
1109 28
1110 35
1111 30
1112 23
1113 29
1114 29
1115 20
1116 26
1117 29
1118 27
1119 34
1120 27
1121 32
1122 34
1123 31
1124 30
1125 33
1126 29
1127 33
1128 35
1129 40
1130 41
1131 31
1132 32
1133 28
1134 32
1135 21
1136 32
1137 33
1138 22
1139 35
1140 32
1141 30
1142 20
1143 35
1144 25
1145 29
1146 34
1147 27
1148 31
1149 33
1150 27
1151 26
1152 30
1153 32
1154 26
1155 27
1156 38
1157 32
1158 42
1159 24
1160 32
1161 39
1162 35
1163 40
1164 41
1165 25
1166 26
1167 24
1168 41
1169 37
1170 40
1171 32
1172 33
1173 26
1174 33
1175 29
1176 36
1177 41
1178 28
1179 25
1180 29
1181 28
1182 48
1183 28
1184 37
1185 22
1186 26
1187 31
1188 37
1189 26
1190 35
1191 26
1192 30
1193 39
1194 39
1195 46
1196 30
1197 19
1198 31
1199 22
1200 42
1201 28
1202 26
1203 26
1204 35
1205 47
1206 40
1207 77
1208 35
1209 34
1210 33
1211 33
1212 39
1213 33
1214 24
1215 33
1216 30
1217 22
1218 29
1219 43
1220 35
1221 29
1222 42
1223 62
1224 34
1225 32
1226 45
1227 34
1228 37
1229 44
1230 24
1231 36
1232 22
1233 21
1234 28
1235 25
1236 28
1237 29
1238 41
1239 24
1240 38
1241 38
1242 45
1243 43
1244 34
1245 41
1246 38
1247 34
1248 34
1249 30
1250 55
1251 29
1252 60
1253 38
1254 39
1255 27
1256 38
1257 30
1258 42
1259 37
1260 50
1261 41
1262 27
1263 55
1264 29
1265 37
1266 38
1267 34
1268 37
1269 56
1270 50
1271 26
1272 45
1273 21
1274 31
1275 69
1276 51
1277 34
1278 39
1279 40
1280 41
1281 52
1282 58
1283 41
1284 38
1285 33
1286 40
1287 42
1288 50
1289 35
1290 36
0 13
1 14
2 15
3 14
4 15
5 16
6 14
7 15
8 17
9 14
10 14
11 12
12 17
13 14
14 16
15 12
16 15
17 16
18 15
19 11
20 14
21 15
22 12
23 10
24 15
25 16
26 19
27 12
28 18
29 14
30 13
31 12
32 12
33 15
34 13
35 14
36 14
37 11
38 14
39 12
40 16
41 15
42 9
43 15
44 12
45 7
46 18
47 10
48 9
49 14
50 10
51 17
52 11
53 15
54 13
55 18
56 18
57 10
58 16
59 14
60 12
61 17
62 10
63 17
64 14
65 20
66 19
67 19
68 23
69 18
70 24
71 15
72 17
73 12
74 14
75 13
76 16
77 12
78 13
79 17
80 11
81 13
82 22
83 13
84 13
85 16
86 15
87 20
88 11
89 16
90 13
91 12
92 19
93 12
94 12
95 13
96 10
97 13
98 21
99 16
100 19
101 19
102 18
103 14
104 15
105 14
106 11
107 11
108 13
109 11
110 19
111 16
112 14
113 15
114 12
115 15
116 13
117 14
118 19
119 10
120 14
121 16
122 22
123 18
124 12
125 18
126 11
127 15
128 22
129 9
130 16
131 15
132 18
133 21
134 10
135 10
136 12
137 15
138 13
139 21
140 11
141 15
142 14
143 17
144 13
145 12
146 13
147 13
148 14
149 10
150 20
151 12
152 16
153 11
154 15
155 21
156 10
157 11
158 12
159 16
160 13
161 13
162 16
163 21
164 20
165 12
166 11
167 14
168 20
169 12
170 15
171 14
172 13
173 16
174 16
175 13
176 14
177 13
178 11
179 18
180 24
181 15
182 16
183 10
184 24
185 14
186 14
187 17
188 11
189 16
190 10
191 14
192 12
193 17
194 14
195 17
196 12
197 15
198 16
199 13
200 15
201 14
202 15
203 18
204 13
205 15
206 21
207 17
208 15
209 23
210 11
211 11
212 21
213 21
214 11
215 19
216 19
217 12
218 21
219 9
220 9
221 13
222 11
223 13
224 16
225 25
226 11
227 19
228 19
229 24
230 19
231 14
232 16
233 15
234 22
235 16
236 13
237 23
238 10
239 16
240 13
241 14
242 16
243 27
244 19
245 14
246 14
247 26
248 12
249 12
250 14
251 16
252 15
253 15
254 15
255 20
256 13
257 17
258 13
259 14
260 21
261 16
262 12
263 14
264 17
265 16
266 13
267 13
268 14
269 14
270 12
271 18
272 10
273 18
274 12
275 17
276 15
277 17
278 16
279 12
280 12
281 13
282 13
283 17
284 20
285 11
286 18
287 17
288 13
289 21
290 18
291 17
292 19
293 13
294 10
295 20
296 18
297 12
298 17
299 18
300 15
301 17
302 13
303 21
304 19
305 19
306 14
307 15
308 27
309 21
310 18
311 20
312 15
313 27
314 13
315 17
316 26
317 25
318 31
319 21
320 31
321 18
322 10
323 28
324 16
325 17
326 14
327 16
328 20
329 22
330 16
331 17
332 20
333 12
334 22
335 21
336 15
337 15
338 23
339 20
340 25
341 33
342 15
343 27
344 27
345 10
346 12
347 29
348 13
349 26
350 38
351 36
352 30
353 38
354 25
355 25
356 18
357 13
358 13
359 17
360 25
361 12
362 29
363 17
364 26
365 23
366 29
367 34
368 17
369 31
370 23
371 29
372 32
373 19
374 14
375 22
376 17
377 31
378 29
379 19
380 14
381 21
382 24
383 30
384 40
385 24
386 26
387 24
388 20
389 26
390 21
391 32
392 20
393 31
394 40
395 42
396 29
397 26
398 27
399 22
400 33
401 32
402 16
403 27
404 29
405 35
406 33
407 25
408 34
409 25
410 32
411 24
412 24
413 17
414 32
415 29
416 27
417 31
418 29
419 33
420 28
421 27
422 19
423 21
424 26
425 27
426 34
427 31
428 14
429 31
430 20
431 31
432 25
433 27
434 30
435 28
436 33
437 27
438 34
439 37
440 28
441 28
442 18
443 27
444 17
445 14
446 29
447 43
448 45
449 29
450 38
451 29
452 41
453 33
454 30
455 29
456 35
457 30
458 26
459 26
460 29
461 30
462 33
463 22
464 25
465 32
466 32
467 35
468 51
469 37
470 38
471 30
472 31
473 31
474 35
475 34
476 27
477 28
478 26
479 25
480 36
481 27
482 25
483 31
484 37
485 30
486 33
487 27
488 29
489 33
490 35
491 36
492 23
493 24
494 30
495 25
496 24
497 24
498 33
499 29
500 34
501 27
502 31
503 31
504 30
505 41
506 36
507 30
508 27
509 31
510 38
511 36
512 30
513 35
514 33
515 40
516 34
517 31
518 55
519 35
520 34
521 37
522 26
523 31
524 29
525 34
526 30
527 39
528 30
529 28
530 35
531 39
532 46
533 39
534 35
535 35
536 29
537 32
538 35
539 34
540 34
541 39
542 35
543 31
544 36
545 48
546 36
547 37
548 33
549 32
550 28
551 37
552 31
553 78
554 47
555 74
556 66
557 71
558 37
559 30
560 37
561 28
562 32
563 27
564 29
565 37
566 36
567 30
568 34
569 47
570 31
571 43
572 40
573 36
574 35
575 36
576 33
577 35
578 30
579 42
580 52
581 41
582 39
583 36
584 34
585 31
586 30
587 33
588 40
589 29
590 36
591 40
592 38
593 40
594 42
595 42
596 40
597 33
598 39
599 44
600 41
601 42
602 44
603 44
604 64
605 37
606 43
607 31
608 37
609 38
610 31
611 35
612 77
613 60
614 55
615 38
616 41
617 49
618 46
619 39
620 56
621 35
622 64
623 53
624 88
625 74
626 43
627 62
628 45
629 37
630 36
631 37
632 51
633 49
634 54
635 52
636 52
637 48
638 41
639 37
640 48
641 45
642 38
643 43
644 60
645 54
646 61
647 60
648 68
649 57
650 64
651 65
652 68
653 51
654 52
655 103
656 52
657 49
658 38
659 48
660 68
661 50
662 37
663 36
664 44
665 69
666 76
667 86
668 89
669 43
670 62
671 46
672 75
673 37
674 32
675 40
676 41
677 44
678 25
679 52
680 42
681 45
682 48
683 36
684 48
685 53
686 44
687 37
688 50
689 49
690 42
691 63
692 70
693 94
694 71
695 64
696 57
697 55
698 103
699 62
700 51
701 40
702 72
703 73
704 97
705 62
706 46
707 39
708 54
709 35
710 53
711 63
712 37
713 114
714 84
715 39
716 57
717 33
718 39
719 44
720 63
721 36
722 42
723 63
724 53
725 54
726 51
727 54
728 72
729 51
730 46
731 112
732 49
733 82
734 75
735 52
736 52
737 47
738 43
739 44
740 51
741 61
742 76
743 49
744 31
745 44
746 39
747 40
748 39
749 43
750 39
751 66
752 67
753 42
754 61
755 40
756 36
757 47
758 45
759 39
760 29
761 52
762 46
763 54
764 42
765 51
766 37
767 44
768 59
769 41
770 44
771 32
772 42
773 32
774 31
775 42
776 36
777 55
778 74
779 82
780 136
781 82
782 66
783 31
784 37
785 33
786 34
787 33
788 40
789 38
790 63
791 174
792 74
793 101
794 71
795 70
796 86
797 43
798 38
799 35
800 35
801 36
802 35
803 42
804 55
805 52
806 68
807 98
808 89
809 62
810 62
811 126
812 62
813 74
814 56
815 62
816 105
817 51
818 55
819 92
820 48
821 46
822 70
823 48
824 44
825 36
826 52
827 62
828 59
829 35
830 57
831 61
832 44
833 37
834 59
835 36
836 45
837 49
838 48
839 48
840 61
841 68
842 40
843 35
844 41
845 33
846 33
847 36
848 38
849 38
850 42
851 45
852 67
853 86
854 111
855 88
856 56
857 41
858 35
859 39
860 31
861 39
862 41
863 36
864 33
865 37
866 80
867 60
868 96
869 60
870 120
871 50
872 55
873 51
874 36
875 42
876 31
877 57
878 83
879 93
880 86
881 81
882 64
883 63
884 100
885 97
886 50
887 44
888 52
889 43
890 71
891 75
892 66
893 88
894 43
895 55
896 111
897 55
898 72
899 77
900 40
901 33
902 47
903 38
904 43
905 54
906 40
907 57
908 39
909 99
910 56
911 49
912 39
913 89
914 63
915 46
916 37
917 35
918 34
919 36
920 37
921 37
922 32
923 36
924 62
925 37
926 149
927 66
928 101
929 67
930 51
931 62
932 96
933 38
934 34
935 40
936 37
937 34
938 46
939 46
940 76
941 60
942 73
943 102
944 31
945 53
946 69
947 44
948 35
949 66
950 31
951 61
952 39
953 37
954 34
955 36
956 49
957 44
958 260
959 132
960 96
961 52
962 86
963 33
964 39
965 43
966 35
967 35
968 48
969 42
970 31
971 86
972 126
973 36
974 24
975 40
976 42
977 28
978 35
979 25
980 36
981 44
982 46
983 56
984 29
985 32
986 60
987 33
988 46
989 54
990 38
991 32
992 34
993 31
994 39
995 27
996 30
997 50
998 81
999 55
1000 81
1001 52
1002 59
1003 40
1004 40
1005 54
1006 59
1007 47
1008 63
1009 85
1010 81
1011 43
1012 62
1013 55
1014 57
1015 43
1016 64
1017 108
1018 84
1019 110
1020 197
1021 68
1022 45
1023 50
1024 35
1025 32
1026 38
1027 45
1028 43
1029 73
1030 94
1031 71
1032 127
1033 93
1034 104
1035 46
1036 77
1037 52
1038 49
1039 55
1040 49
1041 53
1042 45
1043 35
1044 85
1045 126
1046 85
1047 171
1048 38
1049 44
1050 42
1051 48
1052 45
1053 43
1054 80
1055 84
1056 93
1057 129
1058 69
1059 125
1060 96
1061 69
1062 44
1063 43
1064 33
1065 46
1066 39
1067 65
1068 68
1069 42
1070 212
1071 57
1072 79
1073 53
1074 51
1075 106
1076 52
1077 110
1078 76
1079 72
1080 83
1081 62
1082 62
1083 45
1084 83
1085 57
1086 59
1087 32
1088 79
1089 46
1090 46
1091 42
1092 56
1093 77
1094 90
1095 56
1096 92
1097 101
1098 68
1099 102
1100 89
1101 45
1102 62
1103 60
1104 60
1105 45
1106 63
1107 39
1108 167
1109 114
1110 71
1111 135
1112 96
1113 50
1114 44
1115 47
1116 35
1117 38
1118 40
1119 36
1120 89
1121 57
1122 50
1123 102
1124 76
1125 83
1126 156
1127 204
1128 113
1129 49
1130 81
1131 96
1132 93
1133 144
1134 78
1135 74
1136 94
1137 62
1138 42
1139 56
1140 57
1141 40
1142 40
1143 51
1144 71
1145 89
1146 58
1147 75
1148 154
1149 67
1150 42
1151 58
1152 37
1153 45
1154 42
1155 48
1156 43
1157 139
1158 45
1159 91
1160 54
1161 177
1162 49
1163 70
1164 94
1165 132
1166 73
1167 194
1168 85
1169 88
1170 57
1171 84
1172 106
1173 257
1174 90
1175 157
1176 103
1177 66
1178 65
1179 105
1180 54
1181 116
1182 45
1183 99
1184 50
1185 71
1186 84
1187 132
1188 146
1189 101
1190 51
1191 103
1192 108
1193 60
1194 36
1195 37
1196 35
1197 36
1198 38
1199 38
1200 72
1201 81
1202 154
1203 119
1204 52
1205 116
1206 90
1207 67
1208 52
1209 77
1210 57
1211 36
1212 37
1213 53
1214 42
1215 41
1216 139
1217 66
1218 121
1219 151
1220 74
1221 102
1222 94
1223 57
1224 33
1225 140
1226 141
1227 96
1228 61
1229 148
1230 61
1231 50
1232 35
1233 63
1234 52
1235 33
1236 97
1237 68
1238 58
1239 81
1240 104
1241 68
1242 115
1243 48
1244 115
1245 100
1246 63
1247 50
1248 44
1249 39
1250 35
1251 36
1252 46
1253 34
1254 212
1255 62
1256 208
1257 109
1258 134
1259 70
1260 59
1261 37
1262 36
1263 35
1264 35
1265 32
1266 37
1267 41
1268 40
1269 158
1270 48
1271 213
1272 250
1273 92
1274 289
1275 59
1276 38
1277 38
1278 34
1279 35
1280 34
1281 40
1282 51
1283 41
1284 88
1285 111
1286 365
1287 122
1288 83
1289 149
1290 62
1291 55
1292 41
1293 36
1294 33
1295 37
1296 38
1297 32
1298 35
1299 42
1300 34
1301 44
1302 37
1303 36
1304 38
1305 35
1306 33
1307 42
1308 64
1309 48
1310 85
1311 271
1312 176
1313 71
1314 73
1315 43
1316 31
1317 34
1318 40
1319 37
1320 39
1321 42
1322 47
1323 70
1324 53
1325 152
1326 228
1327 134
1328 125
1329 328
1330 125
1331 79
1332 37
1333 43
1334 39
1335 38
1336 34
1337 40
1338 54
1339 70
1340 59
1341 205
1342 339
1343 210
1344 67
1345 131
1346 121
1347 58
1348 53
1349 38
1350 39
1351 35
1352 31
1353 35
1354 36
1355 35
1356 34
1357 37
1358 39
1359 58
1360 40
1361 90
1362 65
1363 38
1364 40
1365 44
1366 39
1367 52
1368 33
1369 42
1370 37
1371 30
1372 61
1373 101
1374 139
1375 324
1376 56
1377 144
1378 58
1379 67
1380 61
1381 43
1382 42
1383 34
1384 38
1385 41
1386 47
1387 34
1388 36
1389 46
1390 38
1391 43
1392 38
1393 49
1394 82
1395 95
1396 50
1397 65
1398 102
1399 40
1400 66
1401 82
1402 71
1403 52
1404 67
1405 50
1406 47
1407 56
1408 37
1409 47
1410 37
1411 38
1412 40
1413 44
1414 42
1415 49
1416 36
1417 65
1418 52
1419 110
1420 57
1421 350
1422 305
1423 588
1424 128
1425 46
1426 44
1427 51
1428 36
1429 34
1430 40
1431 39
1432 52
1433 87
1434 49
1435 105
1436 112
1437 132
1438 383
1439 87
1440 73
1441 50
1442 58
1443 45
1444 36
1445 45
1446 47
1447 29
1448 36
1449 39
1450 35
1451 38
1452 49
1453 56
1454 100
1455 63
1456 48
1457 236
1458 106
1459 197
1460 125
1461 520
1462 67
1463 41
1464 37
1465 39
1466 38
1467 34
1468 39
1469 45
1470 43
1471 39
1472 53
1473 56
1474 44
1475 47
1476 77
1477 206
1478 148
1479 72
1480 46
1481 52
1482 44
1483 41
1484 43
1485 68
1486 42
1487 47
1488 50
1489 114
1490 190
1491 42
1492 42
1493 62
1494 78
1495 47
1496 68
1497 41
1498 50
1499 40
1500 62
1501 43
1502 54
1503 47
1504 54
1505 38
1506 40
1507 36
1508 42
1509 46
1510 39
1511 69
1512 108
1513 62
1514 111
1515 269
1516 163
1517 136
1518 540
1519 212
1520 480
1521 43
1522 37
1523 45
1524 42
1525 37
1526 42
1527 49
1528 37
1529 64
1530 45
1531 194
1532 61
1533 86
1534 90
1535 259
1536 72
1537 99
1538 113
1539 149
1540 84
1541 62
1542 43
1543 45
1544 33
1545 44
1546 42
1547 40
1548 44
1549 61
1550 132
1551 55
1552 103
1553 243
1554 96
1555 84
1556 72
1557 80
1558 53
1559 48
1560 57
1561 46
1562 45
1563 52
1564 41
1565 35
1566 35
1567 41
1568 44
1569 138
1570 212
1571 386
1572 204
1573 173
1574 194
1575 77
1576 97
1577 36
1578 41
1579 40
1580 42
1581 43
1582 52
1583 54
1584 39
1585 76
1586 78
1587 109
1588 93
1589 79
1590 149
1591 65
1592 78
1593 122
1594 134
1595 102
1596 182
1597 80
1598 177
1599 132
1600 66
1601 276
1602 71
1603 198
1604 148
1605 339
1606 434
1607 158
1608 103
1609 212
1610 122
1611 84
1612 177
1613 129
1614 76
1615 62
1616 41
1617 97
1618 109
1619 110
1620 115
1621 171
1622 78
1623 99
1624 132
1625 70
1626 62
1627 226
1628 96
1629 159
1630 174
1631 124
1632 750
1633 127
1634 121
1635 113
1636 75
1637 217
1638 93
1639 43
1640 60
1641 43
1642 36
1643 38
1644 42
1645 39
1646 40
1647 40
1648 43
1649 64
1650 37
1651 190
1652 48
1653 154
1654 246
1655 220
1656 164
1657 328
1658 118
1659 34
1660 37
1661 42
1662 32
1663 36
1664 37
1665 78
1666 111
1667 211
1668 364
1669 208
1670 94
1671 224
1672 221
1673 442
1674 329
1675 152
1676 36
1677 41
1678 35
1679 57
1680 49
1681 44
1682 88
1683 275
1684 707
1685 84
1686 114
1687 259
1688 64
1689 140
1690 72
1691 36
1692 43
1693 39
1694 53
1695 94
1696 51
1697 43
1698 61
1699 161
1700 78
1701 49
1702 41
1703 34
1704 41
1705 33
1706 93
1707 131
1708 49
1709 93
1710 254
1711 468
1712 59
1713 40
1714 58
1715 46
1716 46
1717 41
1718 33
1719 39
1720 46
1721 35
1722 47
1723 95
1724 48
1725 70
1726 100
1727 530
1728 201
1729 792
1730 157
1731 131
1732 51
1733 50
1734 42
1735 36
1736 39
1737 35
1738 42
1739 38
1740 44
1741 43
1742 43
1743 75
1744 37
1745 38
1746 38
1747 40
1748 34
1749 39
1750 35
1751 37
1752 47
1753 32
1754 40
1755 36
1756 48
1757 46
1758 52
1759 43
1760 45
1761 38
1762 42
1763 40
1764 40
1765 48
1766 258
1767 155
1768 134
1769 216
1770 263
1771 42
1772 43
1773 40
1774 39
1775 42
1776 39
1777 48
1778 45
1779 37
1780 41
1781 36
1782 68
1783 37
1784 112
1785 70
1786 70
1787 84
1788 59
1789 48
1790 41
1791 47
1792 41
1793 35
1794 36
1795 32
1796 34
1797 32
1798 37
1799 38
1800 42
1801 38
1802 40
1803 102
1804 101
1805 66
1806 47
1807 137
1808 58
1809 47
1810 65
1811 85
1812 61
1813 39
1814 45
1815 40
1816 39
1817 43
1818 47
1819 72
1820 55
1821 70
1822 126
1823 66
1824 43
1825 70
1826 135
1827 103
1828 107
1829 74
1830 143
1831 98
1832 178
1833 203
1834 230
1835 49
1836 75
1837 153
1838 37
1839 50
1840 54
1841 46
1842 44
1843 55
1844 47
1845 178
1846 117
1847 192
1848 232
1849 141
1850 91
1851 110
1852 60
1853 41
1854 61
1855 38
1856 45
1857 45
1858 73
1859 49
1860 52
1861 139
1862 236
1863 164
1864 234
1865 45
1866 131
1867 170
1868 109
1869 117
1870 91
1871 44
1872 40
1873 46
1874 60
1875 237
1876 105
1877 48
1878 93
1879 45
1880 117
1881 66
1882 42
1883 80
1884 49
1885 43
1886 39
1887 42
1888 39
1889 41
1890 155
1891 52
1892 49
1893 50
1894 55
1895 74
1896 57
1897 180
1898 157
1899 58
1900 45
1901 52
1902 37
1903 37
1904 42
1905 50
1906 38
1907 52
1908 45
1909 62
1910 96
1911 61
1912 92
1913 261
1914 277
1915 109
1916 69
1917 77
1918 66
1919 36
1920 52
1921 43
1922 103
1923 93
1924 55
1925 94
1926 66
1927 183
1928 121
1929 67
1930 38
1931 129
1932 117
1933 110
1934 153
1935 92
1936 165
1937 69
1938 53
1939 107
1940 42
1941 53
1942 73
1943 48
1944 39
1945 37
1946 41
1947 37
1948 41
1949 60
1950 57
1951 42
1952 55
1953 47
1954 177
1955 167
1956 51
1957 123
1958 84
1959 96
1960 98
1961 49
1962 77
1963 147
1964 148
1965 74
1966 213
1967 105
1968 44
1969 164
1970 79
1971 137
1972 60
1973 51
1974 76
1975 39
1976 93
1977 44
1978 38
1979 39
1980 41
1981 40
1982 37
1983 56
1984 38
1985 51
1986 68
1987 96
1988 49
1989 76
1990 81
1991 100
1992 138
1993 137
1994 46
1995 42
1996 69
1997 45
1998 53
1999 60
