0 12
1 11
2 14
3 14
4 20
5 13
6 11
7 15
8 18
9 12
10 13
11 19
12 15
13 15
14 13
15 13
16 17
17 22
18 19
19 16
20 16
21 14
22 15
23 17
24 23
25 12
26 17
27 13
28 18
29 27
30 14
31 16
32 20
33 21
34 11
35 14
36 15
37 18
38 18
39 14
40 18
41 16
42 20
43 25
44 17
45 17
46 18
47 16
48 14
49 20
50 19
51 10
52 11
53 13
54 21
55 16
56 12
57 18
58 12
59 16
60 19
61 21
62 12
63 17
64 16
65 14
66 12
67 17
68 17
69 22
70 12
71 8
72 11
73 18
74 13
75 15
76 14
77 20
78 14
79 16
80 14
81 15
82 17
83 22
84 16
85 14
86 14
87 14
88 18
89 17
90 10
91 15
92 11
93 17
94 17
95 16
96 16
97 13
98 18
99 17
100 15
101 15
102 15
103 17
104 12
105 18
106 16
107 19
108 17
109 19
110 6
111 11
112 14
113 16
114 17
115 18
116 18
117 7
118 19
119 19
120 16
121 13
122 11
123 13
124 17
125 11
126 6
127 13
128 18
129 17
130 16
131 15
132 18
133 14
134 12
135 11
136 14
137 12
138 15
139 17
140 12
141 18
142 16
143 13
144 11
145 13
146 15
147 15
148 19
149 16
150 20
151 17
152 15
153 9
154 16
155 11
156 23
157 15
158 21
159 22
160 17
161 20
162 11
163 17
164 15
165 19
166 14
167 17
168 19
169 12
170 13
171 16
172 20
173 13
174 17
175 19
176 12
177 20
178 20
179 20
180 17
181 33
182 16
183 18
184 16
185 15
186 13
187 14
188 15
189 22
190 17
191 18
192 20
193 15
194 18
195 15
196 34
197 14
198 19
199 17
200 17
201 24
202 17
203 16
204 15
205 17
206 17
207 7
208 17
209 19
210 13
211 19
212 19
213 15
214 16
215 20
216 10
217 14
218 16
219 12
220 19
221 17
222 14
223 11
224 14
225 15
226 18
227 13
228 13
229 16
230 17
231 21
232 11
233 14
234 14
235 29
236 16
237 11
238 20
239 21
240 16
241 21
242 16
243 20
244 16
245 20
246 14
247 17
248 15
249 17
250 15
251 12
252 13
253 19
254 26
255 14
256 19
257 22
258 20
259 14
260 21
261 23
262 15
263 21
264 17
265 13
266 30
267 19
268 19
269 14
270 13
271 15
272 18
273 16
274 22
275 26
276 16
277 11
278 16
279 16
280 25
281 21
282 19
283 12
284 18
285 17
286 18
287 16
288 12
289 20
290 14
291 23
292 18
293 14
294 24
295 15
296 22
297 18
298 18
299 12
300 15
301 14
302 22
303 15
304 16
305 12
306 21
307 24
308 21
309 14
310 19
311 17
312 18
313 17
314 20
315 15
316 16
317 18
318 14
319 17
320 20
321 16
322 13
323 15
324 21
325 18
326 21
327 16
328 19
329 12
330 16
331 13
332 20
333 7
334 13
335 16
336 21
337 17
338 20
339 35
340 15
341 17
342 17
343 19
344 13
345 17
346 9
347 21
348 15
349 20
350 26
351 30
352 13
353 22
354 10
355 21
356 18
357 19
358 32
359 19
360 22
361 23
362 21
363 15
364 11
365 20
366 19
367 14
368 19
369 18
370 14
371 17
372 9
373 15
374 19
375 39
376 17
377 13
378 16
379 18
380 14
381 12
382 13
383 43
384 20
385 18
386 21
387 21
388 13
389 21
390 22
391 18
392 18
393 14
394 16
395 20
396 20
397 14
398 24
399 23
400 13
401 18
402 12
403 18
404 16
405 24
406 17
407 22
408 14
409 18
410 14
411 23
412 17
413 26
414 12
415 19
416 25
417 15
418 35
419 24
420 21
421 24
422 24
423 22
424 23
425 19
426 10
427 24
428 15
429 22
430 12
431 9
432 16
433 21
434 17
435 16
436 17
437 14
438 26
439 21
440 21
441 13
442 26
443 24
444 19
445 18
446 21
447 15
448 20
449 17
450 25
451 14
452 16
453 14
454 21
455 16
456 16
457 23
458 37
459 20
460 23
461 18
462 29
463 14
464 18
465 33
466 14
467 26
468 23
469 20
470 17
471 20
472 18
473 38
474 16
475 21
476 16
477 18
478 29
479 25
480 20
481 13
482 38
483 23
484 17
485 22
486 18
487 20
488 14
489 21
490 22
491 25
492 16
493 20
494 22
495 21
496 13
497 17
498 19
499 19
500 12
501 22
502 23
503 25
504 21
505 12
506 23
507 25
508 26
509 21
510 17
511 22
512 22
513 13
514 20
515 37
516 47
517 36
518 19
519 27
520 28
521 37
522 24
523 13
524 14
525 21
526 26
527 22
528 21
529 18
530 11
531 19
532 34
533 20
534 16
535 18
536 20
537 45
538 15
539 30
540 21
541 21
542 20
543 23
544 14
545 24
546 17
547 18
548 23
549 33
550 23
551 26
552 22
553 46
554 23
555 16
556 19
557 21
558 24
559 37
560 36
561 28
562 18
563 29
564 36
565 23
566 33
567 15
568 20
569 17
570 14
571 37
572 26
573 42
574 22
575 23
576 20
577 20
578 20
579 15
580 41
581 52
582 34
583 17
584 33
585 25
586 28
587 25
588 28
589 17
590 24
591 27
592 23
593 41
594 16
595 36
596 18
597 22
598 29
599 19
600 28
601 24
602 53
603 29
604 20
605 23
606 22
607 26
608 21
609 36
610 21
611 21
612 27
613 21
614 24
615 27
616 15
617 35
618 24
619 18
620 24
621 17
622 25
623 33
624 18
625 24
626 34
627 19
628 11
629 60
630 20
631 37
632 24
633 22
634 22
635 22
636 22
637 18
638 15
639 18
640 18
641 17
642 61
643 22
644 22
645 25
646 16
647 13
648 17
649 17
650 23
651 30
652 21
653 20
654 23
655 12
656 30
657 25
658 32
659 31
660 19
661 23
662 26
663 31
664 21
665 19
666 16
667 22
668 21
669 7
670 25
671 24
672 22
673 16
674 32
675 9
676 46
677 23
678 22
679 28
680 20
681 36
682 23
683 36
684 37
685 16
686 34
687 24
688 25
689 19
690 17
691 26
692 13
693 22
694 23
695 34
696 39
697 23
698 33
699 32
700 18
701 25
702 26
703 39
704 26
705 29
706 20
707 20
708 17
709 17
710 12
711 27
712 53
713 28
714 34
715 40
716 17
717 22
718 37
719 35
720 24
721 59
722 22
723 22
724 17
725 26
726 17
727 13
728 14
729 53
730 41
731 19
732 26
733 27
734 18
735 18
736 23
737 27
738 25
739 23
740 23
741 19
742 22
743 25
744 18
745 34
746 76
747 21
748 21
749 31
750 51
751 50
752 28
753 20
754 89
755 23
756 23
757 18
758 19
759 38
760 21
761 23
762 25
763 20
764 34
765 22
766 22
767 74
768 16
769 24
770 21
771 28
772 14
773 27
774 35
775 32
776 39
777 38
778 29
779 25
780 25
781 23
782 37
783 22
784 17
785 18
786 57
787 20
788 40
789 20
790 38
791 25
792 21
793 31
794 24
795 21
796 20
797 42
798 41
799 20
800 36
801 27
802 35
803 40
804 21
805 25
806 30
807 54
808 59
809 34
810 41
811 24
812 78
813 27
814 42
815 30
816 21
817 52
818 34
819 29
820 15
821 35
822 30
823 38
824 35
825 58
826 17
827 21
828 31
829 50
830 96
831 41
832 23
833 22
834 58
835 21
836 41
837 57
838 24
839 38
840 29
841 15
842 21
843 22
844 50
845 30
846 63
847 24
848 21
849 34
850 53
851 29
852 91
853 47
854 79
855 26
856 26
857 22
858 31
859 28
860 37
861 39
862 38
863 23
864 24
865 44
866 20
867 24
868 17
869 21
870 25
871 37
872 24
873 18
874 77
875 52
876 44
877 24
878 22
879 80
880 40
881 58
882 38
883 24
884 26
885 97
886 26
887 21
888 18
889 29
890 15
891 26
892 39
893 47
894 27
895 22
896 82
897 48
898 76
899 38
900 92
901 51
902 33
903 42
904 84
905 28
906 62
907 63
908 32
909 30
910 52
911 27
912 99
913 30
914 26
915 53
916 30
917 28
918 53
919 55
920 27
921 44
922 49
923 31
924 24
925 14
926 21
927 26
928 53
929 46
930 54
931 32
932 28
933 18
934 15
935 15
936 11
937 18
938 10
939 14
940 13
941 53
942 18
943 19
944 31
945 22
946 15
947 15
948 21
949 22
950 25
951 98
952 44
953 26
954 100
955 25
956 57
957 29
958 16
959 28
960 26
961 66
962 28
963 27
964 26
965 26
966 25
967 39
968 16
969 30
970 28
971 42
972 22
973 80
974 14
975 44
976 17
977 65
978 34
979 23
980 28
981 26
982 26
983 68
984 22
985 32
986 75
987 26
988 18
989 57
990 34
991 21
992 29
993 18
994 48
995 19
996 25
997 47
998 26
999 55
1000 89
1001 21
1002 94
1003 56
1004 52
1005 19
1006 28
1007 49
1008 50
1009 39
1010 51
1011 78
1012 76
1013 99
1014 38
1015 163
1016 81
1017 23
1018 40
1019 28
1020 57
1021 23
1022 41
1023 38
1024 40
1025 25
1026 32
1027 26
1028 44
1029 68
1030 125
1031 32
1032 75
1033 158
1034 32
1035 44
1036 53
1037 42
1038 28
1039 30
1040 20
1041 104
1042 82
1043 89
1044 71
1045 50
1046 96
1047 75
1048 22
1049 56
1050 31
1051 143
1052 73
1053 23
1054 26
1055 29
1056 36
1057 20
1058 35
1059 65
1060 22
1061 33
1062 29
1063 21
1064 29
1065 41
1066 37
1067 48
1068 71
1069 135
1070 44
1071 54
1072 82
1073 42
1074 48
1075 29
1076 25
1077 38
1078 33
1079 41
1080 112
1081 110
1082 39
1083 26
1084 118
1085 84
1086 60
1087 79
1088 20
1089 64
1090 28
1091 27
1092 25
1093 37
1094 24
1095 24
1096 24
1097 30
1098 30
1099 27
1100 37
1101 24
1102 29
1103 42
1104 25
1105 18
1106 28
1107 49
1108 27
1109 82
1110 25
1111 28
1112 68
1113 98
1114 39
1115 112
1116 80
1117 64
1118 68
1119 48
1120 29
1121 26
1122 33
1123 46
1124 42
1125 32
1126 59
1127 20
1128 31
1129 30
1130 24
1131 27
1132 56
1133 29
1134 37
1135 25
1136 53
1137 239
1138 43
1139 114
1140 37
1141 144
1142 35
1143 38
1144 30
1145 22
1146 29
1147 27
1148 19
1149 57
1150 36
1151 49
1152 44
1153 152
1154 100
1155 140
1156 48
1157 116
1158 90
1159 51
1160 53
1161 50
1162 89
1163 44
1164 141
1165 36
1166 59
1167 29
1168 43
1169 59
1170 33
1171 42
1172 34
1173 27
1174 45
1175 76
1176 56
1177 132
1178 24
1179 47
1180 47
1181 46
1182 67
1183 71
1184 88
1185 83
1186 16
1187 99
1188 78
1189 140
1190 62
1191 184
1192 78
1193 68
1194 57
1195 37
1196 28
1197 28
1198 33
1199 116
1200 82
1201 24
1202 119
1203 67
1204 46
1205 59
1206 29
1207 46
1208 46
1209 83
1210 47
1211 79
1212 68
1213 56
1214 114
1215 95
1216 68
1217 60
1218 52
1219 67
1220 97
1221 29
1222 41
1223 31
1224 39
1225 56
1226 35
1227 41
1228 29
1229 91
1230 79
1231 40
1232 52
1233 41
1234 303
1235 122
1236 168
1237 44
1238 49
1239 27
1240 46
1241 43
1242 70
1243 38
1244 28
1245 18
1246 14
1247 22
1248 42
1249 35
1250 25
1251 27
1252 45
1253 25
1254 30
1255 34
1256 32
1257 29
1258 35
1259 46
1260 31
1261 21
1262 39
1263 29
1264 54
1265 30
1266 141
1267 121
1268 23
1269 46
1270 27
1271 79
1272 117
1273 143
1274 284
1275 164
1276 130
1277 137
1278 57
1279 54
1280 77
1281 56
1282 89
1283 95
1284 57
1285 85
1286 70
1287 74
1288 64
1289 41
1290 26
1291 32
1292 30
1293 23
1294 28
1295 25
1296 54
1297 32
1298 68
1299 68
1300 328
1301 154
1302 55
1303 235
1304 40
1305 109
1306 80
1307 32
1308 28
1309 46
1310 40
1311 59
1312 45
1313 73
1314 71
1315 34
1316 32
1317 156
1318 350
1319 43
1320 46
1321 25
1322 153
1323 72
1324 28
1325 71
1326 27
1327 113
1328 135
1329 37
1330 144
1331 75
1332 110
1333 161
1334 304
1335 160
1336 605
1337 280
1338 40
1339 69
1340 295
1341 121
1342 73
1343 22
1344 179
1345 42
1346 206
1347 434
1348 229
1349 178
1350 433
1351 79
1352 227
1353 267
1354 300
1355 49
1356 90
1357 780
1358 169
1359 202
1360 130
1361 28
1362 45
1363 135
1364 337
1365 147
1366 312
1367 68
1368 120
1369 272
1370 90
1371 201
1372 70
1373 80
1374 42
1375 71
1376 212
1377 187
1378 234
1379 223
1380 181
1381 176
1382 115
1383 56
1384 106
1385 124
1386 46
1387 127
1388 152
1389 80
1390 310
1391 72
1392 93
1393 86
1394 42
1395 93
1396 26
1397 717
1398 205
1399 267
1400 40
1401 84
1402 88
1403 29
1404 33
1405 46
1406 80
1407 34
1408 43
1409 461
1410 307
1411 1068
1412 173
1413 160
1414 462
1415 1120
1416 101
1417 176
1418 19
1419 83
1420 138
1421 283
1422 73
1423 48
1424 25
1425 23
1426 16
1427 19
1428 20
1429 33
1430 70
1431 25
1432 33
1433 44
1434 33
1435 73
1436 29
1437 28
1438 27
1439 129
1440 553
1441 439
1442 192
1443 323
1444 557
1445 372
1446 595
1447 199
1448 59
1449 68
1450 46
1451 41
1452 30
1453 96
1454 630
1455 383
1456 275
1457 30
1458 129
1459 36
1460 36
1461 34
1462 29
1463 31
1464 31
1465 38
1466 52
1467 29
1468 71
1469 395
1470 114
1471 190
1472 133
1473 221
1474 94
1475 29
1476 216
1477 109
1478 27
1479 32
1480 26
1481 52
1482 186
1483 928
1484 453
1485 1125
1486 595
1487 297
1488 430
1489 36
1490 33
1491 48
1492 42
1493 42
1494 75
1495 79
1496 41
1497 48
1498 39
1499 582
1500 282
1501 161
1502 569
1503 1476
1504 833
1505 526
1506 245
1507 192
1508 241
1509 201
1510 236
1511 47
1512 33
1513 39
1514 60
1515 77
1516 42
1517 30
1518 44
1519 31
1520 26
1521 42
1522 34
1523 32
1524 148
1525 626
1526 39
1527 687
1528 643
1529 390
1530 977
1531 4945
1532 1240
1533 679
1534 434
1535 1512
1536 1032
1537 153
1538 27
1539 44
1540 54
1541 30
1542 54
1543 31
1544 42
1545 34
1546 107
1547 164
1548 186
1549 146
1550 1145
1551 1155
1552 1523
1553 2055
1554 148
1555 238
1556 274
1557 599
1558 676
1559 98
1560 32
1561 239
1562 656
1563 53
1564 146
1565 144
1566 218
1567 423
1568 471
1569 117
1570 899
1571 145
1572 117
1573 70
1574 24
1575 46
1576 70
1577 129
1578 225
1579 962
1580 349
1581 643
1582 268
1583 1134
1584 1095
1585 233
1586 2087
1587 222
1588 638
1589 611
1590 243
1591 140
1592 326
1593 260
1594 43
1595 35
1596 55
1597 93
1598 163
1599 1605
1600 608
1601 2567
1602 1224
1603 1438
1604 1003
1605 318
1606 84
1607 57
1608 34
1609 31
1610 31
1611 38
1612 32
1613 58
1614 101
1615 3047
1616 12559
1617 7900
1618 6042
1619 8511
1620 839
1621 2999
1622 3359
1623 888
1624 101
1625 31
1626 31
1627 60
1628 29
1629 238
1630 624
1631 2557
1632 3401
1633 3156
1634 19083
1635 4814
1636 1905
1637 36
1638 23
1639 33
1640 27
1641 35
1642 41
1643 29
1644 35
1645 115
1646 417
1647 21890
1648 5184
1649 3724
1650 1437
1651 5822
1652 881
1653 1756
1654 1379
1655 44
1656 96
1657 27
1658 44
1659 33
1660 34
1661 102
1662 74
1663 71
1664 57
1665 140
1666 687
1667 1844
1668 1404
1669 1371
1670 2023
1671 504
1672 98
1673 73
1674 33
1675 23
1676 88
1677 34
1678 398
1679 2175
1680 18199
1681 8952
1682 11976
1683 2318
1684 5095
1685 5589
1686 465
1687 119
1688 41
1689 70
1690 73
1691 157
1692 174
1693 920
1694 1529
1695 1349
1696 4057
1697 1645
1698 12313
1699 11219
1700 1987
1701 8675
1702 191
1703 29
1704 34
1705 22
1706 22
1707 32
1708 33
1709 92
1710 323
1711 177151
1712 325793
1713 220213
1714 482381
1715 263116
1716 281330
1717 21595
1718 6259
1719 2009
1720 231
1721 30
1722 23
1723 28
1724 27
1725 23
1726 22
1727 15
1728 20
1729 24
1730 25
1731 24
1732 23
1733 33
1734 32
1735 24
1736 24
1737 25
1738 26
1739 28
1740 37
1741 29
1742 28
1743 24
1744 28
1745 30
1746 32
1747 19
1748 31
1749 26
1750 30
1751 28
1752 37
1753 28
1754 25
1755 58
1756 34
1757 30
1758 29
1759 28
1760 105
1761 145
1762 166
1763 167
1764 412
1765 252
1766 147
1767 143
1768 90
1769 47
1770 56
1771 37
1772 34
1773 37
1774 42
1775 45
1776 69
1777 73
1778 259
1779 84
1780 499
1781 331
1782 2489
1783 244
1784 124
1785 288
1786 105
1787 85
1788 108
1789 43
1790 87
1791 26
1792 202
1793 62
1794 708
1795 74577
1796 125932
1797 15786
1798 176657
1799 6922
1800 339
1801 142
1802 70
1803 34
1804 27
1805 24
1806 25
1807 30
1808 27
1809 29
1810 42
1811 29
1812 31
1813 65
1814 30
1815 49
1816 58
1817 73
1818 71
1819 70
1820 40
1821 62
1822 113
1823 32
1824 66
1825 40
1826 28
1827 45
1828 35
1829 47
1830 51
1831 43
1832 68
1833 74
1834 34
1835 60
1836 184
1837 73
1838 88
1839 73
1840 355
1841 202
1842 401
1843 87
1844 115
1845 182
1846 41
1847 47
1848 28
1849 46
1850 33
1851 33
1852 41
1853 34
1854 90
1855 35
1856 33
1857 260
1858 139
1859 48
1860 124
1861 145
1862 169
1863 85
1864 99
1865 182
1866 365
1867 514
1868 144
1869 180
1870 57
1871 127
1872 41
1873 44
1874 47
1875 26
1876 93
1877 217
1878 483
1879 131
1880 1719
1881 47501
1882 7874
1883 3031
1884 1686
1885 1454
1886 615
1887 1470
1888 2319
1889 2610
1890 8446
1891 36485
1892 19483
1893 25958
1894 2074
1895 1907
1896 714
1897 1120
1898 43
1899 143
1900 31
1901 243
1902 29
1903 29
1904 28
1905 28
1906 37
1907 41
1908 55
1909 47
1910 27
1911 25
1912 23
1913 33
1914 31
1915 26
1916 44
1917 44
1918 31
1919 30
1920 402
1921 135
1922 422
1923 217
1924 7049
1925 2764
1926 31452
1927 66589
1928 27185
1929 41194
1930 556
1931 86
1932 418
1933 90
1934 31
1935 49
1936 44
1937 26
1938 29
1939 29
1940 25
1941 32
1942 30
1943 31
1944 37
1945 32
1946 26
1947 33
1948 22
1949 29
1950 31
1951 35
1952 33
1953 26
1954 61
1955 53
1956 30
1957 31
1958 99
1959 41
1960 29
1961 46
1962 49
1963 29
1964 31
1965 34
1966 30
1967 30
1968 29
1969 26
1970 36
1971 35
1972 34
1973 23
1974 28
1975 33
1976 33
1977 43
1978 178
1979 54
1980 863
1981 198
1982 2779
1983 2114
1984 1566
1985 1619
1986 2519
1987 1035
1988 1083
1989 1425
1990 1023
1991 661
1992 197
1993 353
1994 162
1995 287
1996 143
1997 143
1998 87
1999 89
