0 17
1 13
2 8
3 14
4 20
5 23
6 17
7 11
8 15
9 19
10 12
11 17
12 12
13 17
14 14
15 18
16 23
17 22
18 8
19 12
20 12
21 24
22 19
23 9
24 19
25 8
26 18
27 16
28 16
29 18
30 21
31 15
32 9
33 10
34 20
35 16
36 19
37 20
38 13
39 18
40 15
41 16
42 15
43 17
44 16
45 18
46 16
47 17
48 20
49 10
50 14
51 17
52 20
53 12
54 14
55 16
56 13
57 20
58 13
59 14
60 16
61 20
62 13
63 16
64 15
65 18
66 18
67 22
68 17
69 18
70 19
71 13
72 15
73 14
74 20
75 9
76 15
77 18
78 21
79 16
80 16
81 13
82 21
83 12
84 17
85 23
86 14
87 16
88 21
89 15
90 18
91 17
92 16
93 17
94 17
95 21
96 17
97 15
98 16
99 12
100 17
101 18
102 21
103 17
104 24
105 19
106 11
107 12
108 18
109 16
110 11
111 16
112 18
113 12
114 19
115 8
116 12
117 25
118 19
119 21
120 16
121 13
122 17
123 18
124 14
125 18
126 19
127 10
128 13
129 14
130 19
131 14
132 17
133 16
134 22
135 12
136 14
137 15
138 12
139 18
140 15
141 17
142 11
143 20
144 17
145 12
146 20
147 18
148 12
149 19
150 16
151 18
152 19
153 8
154 22
155 17
156 16
157 13
158 18
159 18
160 14
161 9
162 12
163 14
164 11
165 15
166 14
167 15
168 12
169 11
170 18
171 13
172 20
173 17
174 9
175 15
176 16
177 8
178 9
179 13
180 17
181 18
182 18
183 17
184 17
185 15
186 17
187 13
188 13
189 15
190 13
191 17
192 20
193 13
194 12
195 23
196 16
197 15
198 19
199 12
200 8
201 20
202 16
203 22
204 17
205 15
206 17
207 13
208 15
209 21
210 16
211 10
212 18
213 18
214 17
215 13
216 18
217 15
218 13
219 18
220 16
221 15
222 13
223 16
224 21
225 17
226 15
227 16
228 19
229 9
230 14
231 12
232 16
233 15
234 14
235 14
236 21
237 17
238 12
239 17
240 20
241 19
242 15
243 33
244 19
245 24
246 15
247 22
248 21
249 14
250 9
251 23
252 16
253 18
254 22
255 25
256 19
257 21
258 13
259 17
260 14
261 22
262 16
263 18
264 16
265 16
266 15
267 17
268 13
269 18
270 15
271 22
272 17
273 20
274 17
275 22
276 20
277 14
278 14
279 20
280 22
281 14
282 16
283 17
284 17
285 15
286 20
287 17
288 13
289 13
290 18
291 14
292 17
293 12
294 19
295 19
296 18
297 18
298 35
299 19
300 17
301 10
302 19
303 17
304 23
305 18
306 18
307 22
308 30
309 23
310 17
311 17
312 14
313 17
314 13
315 22
316 16
317 22
318 13
319 12
320 20
321 15
322 17
323 13
324 12
325 10
326 10
327 16
328 16
329 16
330 12
331 8
332 12
333 18
334 17
335 17
336 8
337 23
338 15
339 18
340 20
341 18
342 25
343 17
344 22
345 18
346 18
347 20
348 11
349 20
350 15
351 9
352 14
353 16
354 14
355 25
356 23
357 16
358 23
359 23
360 14
361 23
362 19
363 20
364 18
365 24
366 17
367 15
368 14
369 15
370 21
371 21
372 32
373 11
374 36
375 18
376 21
377 19
378 27
379 22
380 17
381 14
382 22
383 24
384 15
385 23
386 34
387 15
388 23
389 13
390 13
391 27
392 12
393 22
394 22
395 16
396 17
397 23
398 23
399 24
400 23
401 19
402 35
403 20
404 22
405 67
406 21
407 12
408 19
409 15
410 20
411 14
412 23
413 22
414 14
415 20
416 20
417 10
418 37
419 20
420 15
421 21
422 24
423 19
424 19
425 16
426 33
427 18
428 17
429 22
430 22
431 15
432 19
433 21
434 16
435 13
436 15
437 30
438 50
439 23
440 13
441 20
442 21
443 20
444 28
445 21
446 23
447 23
448 21
449 26
450 23
451 22
452 24
453 19
454 19
455 20
456 22
457 19
458 23
459 20
460 23
461 21
462 11
463 17
464 29
465 26
466 23
467 17
468 13
469 13
470 15
471 15
472 37
473 19
474 22
475 17
476 17
477 18
478 21
479 14
480 19
481 23
482 23
483 23
484 18
485 22
486 19
487 21
488 17
489 20
490 25
491 16
492 21
493 15
494 15
495 18
496 18
497 23
498 32
499 12
500 24
501 21
502 17
503 19
504 35
505 17
506 22
507 15
508 15
509 23
510 28
511 20
512 24
513 24
514 14
515 26
516 17
517 47
518 19
519 17
520 24
521 36
522 19
523 33
524 25
525 21
526 13
527 9
528 17
529 10
530 11
531 25
532 18
533 29
534 7
535 24
536 23
537 36
538 25
539 28
540 26
541 24
542 20
543 36
544 20
545 25
546 18
547 17
548 45
549 28
550 17
551 16
552 16
553 21
554 31
555 23
556 14
557 16
558 29
559 26
560 22
561 33
562 19
563 22
564 16
565 22
566 36
567 29
568 18
569 27
570 14
571 32
572 24
573 16
574 18
575 19
576 35
577 32
578 18
579 52
580 28
581 15
582 31
583 17
584 35
585 21
586 17
587 17
588 23
589 13
590 27
591 19
592 35
593 17
594 11
595 15
596 37
597 26
598 14
599 38
600 11
601 16
602 11
603 18
604 18
605 28
606 25
607 40
608 17
609 33
610 14
611 31
612 18
613 19
614 17
615 25
616 26
617 21
618 20
619 19
620 23
621 24
622 19
623 27
624 22
625 15
626 22
627 20
628 21
629 20
630 21
631 19
632 22
633 17
634 18
635 23
636 23
637 18
638 32
639 13
640 20
641 23
642 13
643 11
644 32
645 28
646 15
647 21
648 13
649 17
650 27
651 21
652 33
653 33
654 33
655 23
656 38
657 15
658 36
659 18
660 27
661 17
662 16
663 25
664 13
665 15
666 30
667 18
668 19
669 22
670 15
671 18
672 19
673 17
674 15
675 17
676 30
677 15
678 16
679 12
680 12
681 19
682 11
683 23
684 24
685 33
686 12
687 23
688 23
689 21
690 35
691 16
692 18
693 16
694 26
695 26
696 19
697 24
698 11
699 16
700 22
701 27
702 28
703 21
704 20
705 23
706 73
707 24
708 22
709 21
710 32
711 14
712 19
713 20
714 20
715 35
716 20
717 24
718 22
719 28
720 41
721 38
722 35
723 15
724 17
725 21
726 49
727 50
728 31
729 29
730 35
731 32
732 18
733 19
734 41
735 18
736 22
737 17
738 16
739 11
740 15
741 19
742 20
743 15
744 19
745 19
746 22
747 32
748 17
749 23
750 18
751 21
752 49
753 80
754 22
755 23
756 29
757 20
758 41
759 22
760 22
761 36
762 27
763 31
764 52
765 49
766 20
767 38
768 26
769 24
770 16
771 31
772 26
773 64
774 21
775 36
776 20
777 21
778 22
779 22
780 17
781 15
782 27
783 16
784 20
785 26
786 26
787 14
788 20
789 21
790 18
791 38
792 35
793 29
794 50
795 26
796 21
797 24
798 55
799 25
800 22
801 23
802 26
803 17
804 27
805 29
806 34
807 28
808 29
809 29
810 26
811 23
812 22
813 26
814 26
815 14
816 16
817 26
818 14
819 23
820 25
821 17
822 85
823 17
824 37
825 26
826 23
827 34
828 26
829 26
830 19
831 24
832 24
833 28
834 21
835 24
836 21
837 30
838 29
839 22
840 33
841 26
842 21
843 22
844 20
845 22
846 13
847 33
848 29
849 20
850 20
851 11
852 18
853 17
854 33
855 32
856 25
857 33
858 32
859 35
860 15
861 40
862 24
863 56
864 43
865 24
866 31
867 17
868 27
869 27
870 23
871 28
872 15
873 39
874 18
875 27
876 28
877 44
878 24
879 26
880 43
881 36
882 14
883 41
884 28
885 29
886 22
887 23
888 23
889 24
890 23
891 36
892 23
893 43
894 15
895 22
896 11
897 39
898 33
899 33
900 36
901 23
902 22
903 44
904 36
905 68
906 53
907 29
908 38
909 44
910 26
911 24
912 18
913 22
914 56
915 26
916 44
917 27
918 25
919 41
920 30
921 25
922 40
923 27
924 49
925 25
926 24
927 72
928 28
929 14
930 38
931 16
932 133
933 114
934 49
935 41
936 59
937 25
938 34
939 28
940 35
941 27
942 22
943 18
944 14
945 13
946 31
947 31
948 22
949 19
950 41
951 31
952 33
953 34
954 18
955 25
956 31
957 25
958 24
959 23
960 24
961 25
962 25
963 33
964 24
965 21
966 52
967 113
968 111
969 23
970 24
971 20
972 27
973 196
974 37
975 91
976 17
977 66
978 43
979 79
980 68
981 39
982 31
983 94
984 47
985 37
986 31
987 31
988 24
989 24
990 21
991 98
992 18
993 113
994 56
995 51
996 50
997 39
998 40
999 87
1000 18
1001 29
1002 39
1003 260
1004 83
1005 21
1006 41
1007 66
1008 22
1009 15
1010 56
1011 26
1012 43
1013 34
1014 18
1015 128
1016 42
1017 29
1018 62
1019 25
1020 45
1021 180
1022 97
1023 176
1024 70
1025 32
1026 43
1027 62
1028 35
1029 86
1030 75
1031 37
1032 32
1033 40
1034 31
1035 20
1036 44
1037 31
1038 28
1039 24
1040 62
1041 60
1042 38
1043 79
1044 36
1045 114
1046 21
1047 39
1048 34
1049 68
1050 55
1051 66
1052 54
1053 51
1054 51
1055 26
1056 46
1057 82
1058 21
1059 29
1060 13
1061 42
1062 71
1063 53
1064 40
1065 25
1066 21
1067 25
1068 163
1069 49
1070 28
1071 30
1072 55
1073 38
1074 52
1075 44
1076 101
1077 47
1078 41
1079 46
1080 69
1081 35
1082 67
1083 59
1084 27
1085 32
1086 52
1087 96
1088 89
1089 96
1090 24
1091 43
1092 29
1093 22
1094 34
1095 26
1096 88
1097 45
1098 30
1099 28
1100 28
1101 32
1102 26
1103 25
1104 32
1105 40
1106 29
1107 27
1108 41
1109 28
1110 34
1111 43
1112 23
1113 43
1114 72
1115 78
1116 20
1117 83
1118 31
1119 44
1120 41
1121 106
1122 27
1123 32
1124 39
1125 24
1126 112
1127 28
1128 80
1129 137
1130 62
1131 31
1132 22
1133 88
1134 41
1135 79
1136 57
1137 72
1138 133
1139 57
1140 51
1141 49
1142 33
1143 43
1144 29
1145 39
1146 35
1147 28
1148 29
1149 30
1150 31
1151 30
1152 29
1153 43
1154 42
1155 60
1156 28
1157 54
1158 69
1159 50
1160 31
1161 62
1162 70
1163 21
1164 35
1165 31
1166 55
1167 44
1168 56
1169 27
1170 34
1171 44
1172 29
1173 29
1174 31
1175 53
1176 23
1177 26
1178 123
1179 78
1180 160
1181 70
1182 54
1183 32
1184 171
1185 47
1186 61
1187 50
1188 120
1189 122
1190 28
1191 140
1192 101
1193 54
1194 40
1195 55
1196 57
1197 22
1198 20
1199 30
1200 134
1201 36
1202 26
1203 150
1204 310
1205 20
1206 55
1207 52
1208 24
1209 107
1210 44
1211 103
1212 42
1213 29
1214 108
1215 22
1216 92
1217 38
1218 68
1219 44
1220 71
1221 33
1222 70
1223 52
1224 55
1225 30
1226 52
1227 56
1228 123
1229 278
1230 28
1231 37
1232 30
1233 53
1234 29
1235 54
1236 25
1237 29
1238 95
1239 127
1240 100
1241 148
1242 196
1243 67
1244 108
1245 40
1246 155
1247 50
1248 229
1249 175
1250 65
1251 154
1252 103
1253 92
1254 73
1255 94
1256 99
1257 214
1258 550
1259 45
1260 218
1261 58
1262 30
1263 78
1264 138
1265 97
1266 535
1267 220
1268 195
1269 102
1270 55
1271 30
1272 31
1273 137
1274 36
1275 39
1276 87
1277 46
1278 68
1279 122
1280 95
1281 181
1282 32
1283 236
1284 94
1285 108
1286 164
1287 40
1288 54
1289 129
1290 29
1291 72
1292 59
1293 43
1294 33
1295 23
1296 27
1297 45
1298 41
1299 37
1300 54
1301 31
1302 30
1303 32
1304 43
1305 47
1306 31
1307 32
1308 35
1309 27
1310 27
1311 127
1312 191
1313 169
1314 178
1315 121
1316 261
1317 271
1318 233
1319 108
1320 273
1321 261
1322 157
1323 78
1324 153
1325 42
1326 322
1327 19
1328 37
1329 70
1330 39
1331 33
1332 37
1333 23
1334 35
1335 41
1336 22
1337 45
1338 27
1339 204
1340 58
1341 201
1342 251
1343 37
1344 201
1345 125
1346 34
1347 27
1348 94
1349 44
1350 48
1351 101
1352 77
1353 357
1354 71
1355 207
1356 179
1357 285
1358 590
1359 179
1360 147
1361 147
1362 128
1363 36
1364 559
1365 153
1366 339
1367 152
1368 116
1369 43
1370 69
1371 43
1372 31
1373 37
1374 40
1375 29
1376 24
1377 25
1378 31
1379 57
1380 31
1381 30
1382 67
1383 31
1384 34
1385 27
1386 36
1387 46
1388 69
1389 54
1390 404
1391 119
1392 177
1393 63
1394 160
1395 55
1396 108
1397 222
1398 241
1399 294
1400 228
1401 196
1402 110
1403 156
1404 84
1405 217
1406 138
1407 159
1408 123
1409 117
1410 153
1411 288
1412 69
1413 64
1414 41
1415 293
1416 168
1417 62
1418 254
1419 54
1420 68
1421 156
1422 94
1423 310
1424 551
1425 313
1426 363
1427 83
1428 81
1429 115
1430 54
1431 309
1432 82
1433 116
1434 230
1435 229
1436 197
1437 287
1438 230
1439 222
1440 201
1441 292
1442 179
1443 235
1444 303
1445 299
1446 80
1447 162
1448 309
1449 94
1450 243
1451 428
1452 231
1453 241
1454 66
1455 188
1456 45
1457 250
1458 275
1459 84
1460 40
1461 232
1462 33
1463 426
1464 240
1465 107
1466 474
1467 435
1468 218
1469 600
1470 566
1471 347
1472 267
1473 298
1474 572
1475 151
1476 148
1477 145
1478 146
1479 103
1480 240
1481 104
1482 170
1483 43
1484 30
1485 70
1486 278
1487 481
1488 368
1489 469
1490 510
1491 592
1492 100
1493 563
1494 149
1495 486
1496 620
1497 62
1498 23
1499 82
1500 90
1501 91
1502 115
1503 229
1504 59
1505 465
1506 520
1507 326
1508 497
1509 519
1510 577
1511 46
1512 655
1513 100
1514 57
1515 70
1516 224
1517 52
1518 346
1519 111
1520 124
1521 529
1522 171
1523 128
1524 172
1525 550
1526 351
1527 44
1528 44
1529 75
1530 46
1531 402
1532 621
1533 383
1534 361
1535 429
1536 562
1537 218
1538 465
1539 147
1540 253
1541 285
1542 288
1543 147
1544 83
1545 192
1546 244
1547 94
1548 72
1549 58
1550 109
1551 99
1552 72
1553 73
1554 40
1555 74
1556 110
1557 226
1558 73
1559 130
1560 157
1561 109
1562 211
1563 364
1564 155
1565 149
1566 144
1567 182
1568 195
1569 168
1570 194
1571 310
1572 135
1573 277
1574 547
1575 1023
1576 1025
1577 328
1578 737
1579 553
1580 401
1581 1495
1582 832
1583 1716
1584 295
1585 723
1586 206
1587 98
1588 1071
1589 600
1590 319
1591 733
1592 719
1593 321
1594 222
1595 1380
1596 316
1597 254
1598 782
1599 358
1600 67
1601 408
1602 525
1603 419
1604 166
1605 560
1606 408
1607 83
1608 506
1609 797
1610 654
1611 573
1612 995
1613 281
1614 1997
1615 927
1616 231
1617 98
1618 138
1619 92
1620 67
1621 71
1622 55
1623 134
1624 96
1625 143
1626 410
1627 578
1628 443
1629 1105
1630 719
1631 439
1632 1371
1633 2030
1634 2605
1635 1794
1636 1136
1637 773
1638 810
1639 139
1640 820
1641 328
1642 245
1643 83
1644 225
1645 178
1646 1177
1647 192
1648 1532
1649 407
1650 1311
1651 1223
1652 9450
1653 1591
1654 2874
1655 1348
1656 200
1657 702
1658 106
1659 106
1660 81
1661 184
1662 205
1663 443
1664 995
1665 35
1666 243
1667 191
1668 84
1669 87
1670 60
1671 39
1672 43
1673 37
1674 178
1675 58
1676 73
1677 62
1678 64
1679 90
1680 67
1681 58
1682 62
1683 21
1684 64
1685 33
1686 89
1687 40
1688 37
1689 63
1690 33
1691 57
1692 326
1693 47
1694 40
1695 161
1696 96
1697 154
1698 149
1699 173
1700 174
1701 73
1702 169
1703 201
1704 209
1705 499
1706 391
1707 273
1708 985
1709 127
1710 32
1711 89
1712 65
1713 37
1714 97
1715 39
1716 110
1717 198
1718 1016
1719 413
1720 1525
1721 1624
1722 1234
1723 353
1724 138
1725 529
1726 403
1727 154
1728 64
1729 216
1730 219
1731 307
1732 64
1733 215
1734 84
1735 99
1736 1070
1737 234
1738 98
1739 377
1740 10243
1741 3113
1742 3487
1743 155
1744 1512
1745 1343
1746 1284
1747 597
1748 334
1749 84
1750 152
1751 97
1752 55
1753 45
1754 57
1755 62
1756 43
1757 218
1758 54
1759 47
1760 160
1761 126
1762 72
1763 185
1764 218
1765 255
1766 365
1767 330
1768 160
1769 702
1770 698
1771 554
1772 496
1773 1196
1774 4465
1775 5043
1776 965
1777 1124
1778 866
1779 7027
1780 1916
1781 2056
1782 934
1783 10379
1784 1303
1785 1181
1786 2233
1787 254
1788 476
1789 702
1790 212
1791 166
1792 142
1793 58
1794 130
1795 43
1796 171
1797 153
1798 282
1799 176
1800 189
1801 154
1802 129
1803 1422
1804 110
1805 325
1806 213
1807 278
1808 387
1809 85
1810 404
1811 794
1812 130
1813 202
1814 203
1815 521
1816 270
1817 719
1818 718
1819 1519
1820 1220
1821 861
1822 98
1823 1276
1824 336
1825 570
1826 440
1827 1159
1828 367
1829 498
1830 250
1831 222
1832 528
1833 1573
1834 586
1835 863
1836 668
1837 700
1838 329
1839 270
1840 676
1841 496
1842 532
1843 863
1844 866
1845 934
1846 210
1847 639
1848 380
1849 890
1850 329
1851 383
1852 718
1853 406
1854 286
1855 124
1856 300
1857 475
1858 693
1859 198
1860 1491
1861 813
1862 1313
1863 756
1864 1277
1865 1036
1866 5775
1867 1351
1868 355
1869 12078
1870 7249
1871 5337
1872 2472
1873 3028
1874 2910
1875 1002
1876 1145
1877 192
1878 244
1879 71
1880 141
1881 108
1882 25
1883 85
1884 72
1885 34
1886 41
1887 101
1888 105
1889 77
1890 67
1891 94
1892 39
1893 56
1894 59
1895 44
1896 27
1897 43
1898 42
1899 41
1900 91
1901 54
1902 29
1903 55
1904 54
1905 96
1906 90
1907 66
1908 229
1909 198
1910 168
1911 165
1912 55
1913 517
1914 237
1915 938
1916 1724
1917 940
1918 1567
1919 13457
1920 7311
1921 1790
1922 8415
1923 1055
1924 4918
1925 2224
1926 2475
1927 2053
1928 15187
1929 609
1930 1013
1931 215
1932 207
1933 105
1934 58
1935 219
1936 260
1937 126
1938 179
1939 212
1940 209
1941 43
1942 139
1943 157
1944 203
1945 81
1946 154
1947 118
1948 120
1949 392
1950 159
1951 803
1952 155
1953 672
1954 1057
1955 917
1956 1193
1957 5019
1958 2867
1959 1398
1960 1066
1961 1418
1962 1433
1963 3372
1964 1694
1965 1711
1966 1769
1967 7156
1968 1365
1969 941
1970 8012
1971 4897
1972 1884
1973 7965
1974 3468
1975 1074
1976 3590
1977 1571
1978 1159
1979 136
1980 210
1981 176
1982 48
1983 207
1984 209
1985 141
1986 184
1987 97
1988 145
1989 566
1990 102
1991 202
1992 1063
1993 1153
1994 85
1995 913
1996 2190
1997 151
1998 1051
1999 947
