0 14
1 16
2 17
3 18
4 19
5 15
6 13
7 18
8 17
9 13
10 15
11 20
12 16
13 17
14 16
15 17
16 17
17 17
18 13
19 8
20 10
21 23
22 14
23 17
24 18
25 14
26 20
27 18
28 15
29 18
30 15
31 16
32 15
33 10
34 17
35 19
36 18
37 21
38 14
39 21
40 18
41 16
42 11
43 16
44 12
45 16
46 19
47 12
48 15
49 21
50 14
51 14
52 18
53 13
54 14
55 18
56 20
57 17
58 21
59 9
60 14
61 20
62 17
63 15
64 17
65 17
66 19
67 12
68 19
69 18
70 17
71 19
72 17
73 16
74 12
75 12
76 15
77 19
78 20
79 17
80 14
81 13
82 15
83 17
84 20
85 19
86 14
87 19
88 14
89 20
90 15
91 15
92 15
93 18
94 17
95 16
96 18
97 23
98 28
99 19
100 9
101 15
102 15
103 5
104 15
105 12
106 16
107 13
108 10
109 11
110 16
111 14
112 14
113 15
114 19
115 15
116 17
117 15
118 11
119 15
120 24
121 17
122 18
123 15
124 17
125 16
126 16
127 20
128 20
129 15
130 18
131 16
132 19
133 13
134 14
135 21
136 15
137 16
138 11
139 11
140 26
141 20
142 11
143 22
144 12
145 13
146 20
147 14
148 17
149 22
150 9
151 14
152 17
153 16
154 18
155 13
156 19
157 18
158 11
159 17
160 12
161 17
162 17
163 19
164 9
165 21
166 21
167 19
168 8
169 14
170 13
171 18
172 20
173 19
174 17
175 19
176 14
177 11
178 13
179 15
180 16
181 18
182 18
183 18
184 17
185 14
186 17
187 19
188 13
189 19
190 17
191 17
192 11
193 14
194 22
195 18
196 15
197 16
198 21
199 19
200 17
201 14
202 13
203 12
204 20
205 16
206 14
207 16
208 17
209 11
210 15
211 22
212 20
213 14
214 14
215 16
216 21
217 12
218 17
219 13
220 10
221 17
222 14
223 15
224 20
225 12
226 14
227 21
228 13
229 19
230 17
231 17
232 14
233 15
234 16
235 16
236 16
237 14
238 13
239 16
240 12
241 19
242 19
243 15
244 15
245 16
246 6
247 15
248 18
249 17
250 14
251 17
252 18
253 13
254 16
255 18
256 19
257 17
258 15
259 16
260 15
261 15
262 16
263 9
264 16
265 11
266 15
267 18
268 14
269 25
270 21
271 11
272 21
273 16
274 15
275 14
276 19
277 22
278 16
279 15
280 20
281 27
282 19
283 16
284 18
285 20
286 17
287 20
288 18
289 13
290 12
291 19
292 11
293 20
294 16
295 16
296 16
297 16
298 12
299 17
300 24
301 11
302 18
303 17
304 14
305 15
306 16
307 14
308 20
309 16
310 13
311 17
312 16
313 17
314 22
315 9
316 16
317 21
318 28
319 15
320 14
321 38
322 15
323 16
324 13
325 21
326 23
327 23
328 18
329 16
330 49
331 20
332 26
333 20
334 15
335 22
336 24
337 21
338 13
339 11
340 21
341 12
342 18
343 11
344 19
345 12
346 15
347 15
348 11
349 17
350 16
351 15
352 19
353 12
354 21
355 18
356 22
357 17
358 20
359 19
360 14
361 20
362 21
363 16
364 16
365 22
366 19
367 12
368 12
369 16
370 21
371 24
372 33
373 12
374 20
375 18
376 17
377 30
378 21
379 31
380 9
381 18
382 23
383 17
384 15
385 22
386 18
387 24
388 21
389 17
390 17
391 20
392 17
393 19
394 33
395 18
396 20
397 21
398 22
399 18
400 18
401 19
402 26
403 19
404 15
405 21
406 17
407 17
408 17
409 15
410 19
411 16
412 24
413 18
414 10
415 21
416 13
417 20
418 19
419 19
420 12
421 21
422 18
423 15
424 20
425 17
426 22
427 17
428 22
429 23
430 24
431 19
432 24
433 16
434 17
435 21
436 18
437 13
438 20
439 27
440 15
441 16
442 9
443 37
444 20
445 16
446 19
447 15
448 14
449 14
450 9
451 18
452 18
453 17
454 13
455 14
456 13
457 16
458 19
459 20
460 18
461 13
462 17
463 20
464 19
465 18
466 27
467 23
468 27
469 22
470 22
471 20
472 13
473 24
474 11
475 19
476 18
477 14
478 18
479 20
480 13
481 17
482 27
483 15
484 14
485 15
486 27
487 14
488 20
489 17
490 15
491 15
492 16
493 14
494 15
495 19
496 26
497 10
498 18
499 19
500 18
501 13
502 23
503 24
504 21
505 22
506 34
507 13
508 22
509 20
510 16
511 19
512 19
513 17
514 15
515 22
516 19
517 20
518 19
519 17
520 20
521 15
522 15
523 14
524 15
525 16
526 20
527 17
528 21
529 21
530 20
531 27
532 12
533 15
534 13
535 16
536 16
537 17
538 27
539 20
540 18
541 19
542 37
543 12
544 24
545 26
546 11
547 19
548 17
549 17
550 7
551 17
552 14
553 13
554 14
555 38
556 12
557 14
558 18
559 17
560 20
561 24
562 34
563 15
564 17
565 16
566 17
567 20
568 15
569 15
570 19
571 22
572 21
573 16
574 13
575 13
576 15
577 15
578 24
579 19
580 25
581 25
582 17
583 12
584 17
585 14
586 15
587 18
588 14
589 29
590 23
591 14
592 18
593 14
594 12
595 9
596 11
597 16
598 9
599 9
600 19
601 16
602 34
603 14
604 18
605 15
606 17
607 14
608 12
609 17
610 18
611 14
612 20
613 16
614 14
615 17
616 17
617 19
618 19
619 26
620 14
621 28
622 25
623 23
624 21
625 32
626 22
627 16
628 20
629 15
630 27
631 24
632 25
633 29
634 20
635 22
636 19
637 24
638 23
639 24
640 24
641 15
642 29
643 16
644 36
645 23
646 38
647 18
648 22
649 21
650 25
651 25
652 20
653 21
654 17
655 16
656 36
657 21
658 22
659 42
660 18
661 21
662 41
663 19
664 19
665 22
666 14
667 15
668 11
669 31
670 16
671 21
672 14
673 20
674 19
675 15
676 19
677 15
678 34
679 18
680 32
681 20
682 14
683 29
684 24
685 30
686 21
687 50
688 23
689 35
690 24
691 25
692 31
693 25
694 20
695 20
696 19
697 23
698 26
699 25
700 41
701 24
702 28
703 23
704 22
705 22
706 25
707 26
708 16
709 25
710 19
711 23
712 28
713 25
714 19
715 19
716 35
717 18
718 23
719 21
720 22
721 20
722 19
723 26
724 27
725 26
726 26
727 18
728 18
729 32
730 19
731 18
732 29
733 17
734 20
735 29
736 20
737 27
738 20
739 23
740 24
741 23
742 27
743 19
744 17
745 22
746 20
747 33
748 29
749 33
750 15
751 23
752 25
753 34
754 19
755 28
756 38
757 28
758 22
759 23
760 24
761 22
762 13
763 27
764 30
765 20
766 18
767 15
768 25
769 19
770 19
771 41
772 20
773 32
774 20
775 38
776 19
777 40
778 40
779 41
780 36
781 18
782 30
783 15
784 22
785 61
786 45
787 14
788 14
789 19
790 32
791 42
792 15
793 39
794 26
795 6
796 16
797 15
798 9
799 14
800 18
801 19
802 16
803 33
804 16
805 15
806 10
807 19
808 17
809 13
810 19
811 21
812 31
813 15
814 14
815 27
816 22
817 38
818 22
819 13
820 27
821 20
822 27
823 24
824 33
825 15
826 23
827 31
828 26
829 37
830 11
831 13
832 29
833 43
834 26
835 19
836 21
837 24
838 13
839 11
840 34
841 33
842 27
843 12
844 13
845 15
846 22
847 41
848 20
849 23
850 21
851 32
852 27
853 22
854 40
855 18
856 24
857 20
858 25
859 22
860 70
861 29
862 20
863 31
864 29
865 27
866 18
867 18
868 24
869 33
870 22
871 15
872 24
873 22
874 18
875 40
876 36
877 19
878 24
879 27
880 28
881 37
882 14
883 24
884 25
885 29
886 25
887 24
888 24
889 27
890 27
891 38
892 27
893 28
894 44
895 37
896 51
897 18
898 22
899 38
900 15
901 24
902 37
903 39
904 14
905 22
906 41
907 46
908 63
909 27
910 24
911 25
912 24
913 104
914 34
915 24
916 34
917 24
918 72
919 53
920 49
921 76
922 23
923 28
924 23
925 29
926 39
927 35
928 41
929 37
930 39
931 57
932 49
933 28
934 25
935 24
936 40
937 27
938 26
939 26
940 33
941 10
942 28
943 68
944 83
945 67
946 35
947 52
948 94
949 27
950 24
951 37
952 41
953 32
954 25
955 13
956 39
957 63
958 21
959 13
960 21
961 17
962 18
963 19
964 16
965 11
966 21
967 21
968 22
969 21
970 27
971 25
972 21
973 14
974 24
975 30
976 16
977 21
978 18
979 19
980 19
981 33
982 53
983 23
984 43
985 29
986 37
987 27
988 51
989 78
990 25
991 125
992 30
993 32
994 43
995 114
996 20
997 52
998 45
999 89
1000 45
1001 24
1002 64
1003 55
1004 58
1005 53
1006 53
1007 39
1008 14
1009 78
1010 18
1011 57
1012 46
1013 41
1014 23
1015 35
1016 52
1017 26
1018 35
1019 30
1020 29
1021 25
1022 52
1023 28
1024 29
1025 28
1026 28
1027 85
1028 50
1029 31
1030 37
1031 46
1032 17
1033 30
1034 57
1035 59
1036 25
1037 55
1038 45
1039 66
1040 28
1041 71
1042 114
1043 28
1044 107
1045 103
1046 30
1047 68
1048 82
1049 34
1050 53
1051 55
1052 26
1053 56
1054 56
1055 55
1056 24
1057 27
1058 29
1059 25
1060 28
1061 21
1062 23
1063 51
1064 41
1065 31
1066 29
1067 49
1068 21
1069 55
1070 39
1071 50
1072 133
1073 27
1074 56
1075 49
1076 37
1077 57
1078 48
1079 32
1080 52
1081 54
1082 38
1083 58
1084 67
1085 89
1086 116
1087 55
1088 40
1089 56
1090 90
1091 73
1092 55
1093 61
1094 56
1095 67
1096 48
1097 42
1098 68
1099 51
1100 48
1101 39
1102 64
1103 46
1104 26
1105 16
1106 13
1107 13
1108 18
1109 16
1110 15
1111 10
1112 25
1113 13
1114 14
1115 13
1116 15
1117 18
1118 17
1119 11
1120 10
1121 12
1122 15
1123 38
1124 11
1125 8
1126 13
1127 28
1128 20
1129 17
1130 15
1131 12
1132 41
1133 23
1134 26
1135 42
1136 23
1137 44
1138 53
1139 58
1140 57
1141 25
1142 46
1143 30
1144 52
1145 45
1146 106
1147 79
1148 68
1149 54
1150 133
1151 102
1152 50
1153 30
1154 61
1155 56
1156 97
1157 15
1158 83
1159 127
1160 40
1161 55
1162 39
1163 46
1164 83
1165 51
1166 82
1167 43
1168 44
1169 45
1170 31
1171 42
1172 43
1173 66
1174 34
1175 55
1176 91
1177 54
1178 70
1179 30
1180 47
1181 30
1182 30
1183 25
1184 39
1185 76
1186 39
1187 112
1188 37
1189 32
1190 111
1191 44
1192 42
1193 59
1194 107
1195 108
1196 54
1197 103
1198 68
1199 43
1200 105
1201 71
1202 104
1203 53
1204 22
1205 40
1206 101
1207 96
1208 46
1209 38
1210 30
1211 35
1212 29
1213 30
1214 93
1215 230
1216 194
1217 40
1218 174
1219 67
1220 82
1221 150
1222 119
1223 56
1224 93
1225 94
1226 52
1227 85
1228 82
1229 93
1230 130
1231 22
1232 54
1233 75
1234 42
1235 82
1236 93
1237 63
1238 29
1239 54
1240 70
1241 149
1242 153
1243 118
1244 228
1245 93
1246 106
1247 153
1248 130
1249 262
1250 122
1251 90
1252 117
1253 240
1254 252
1255 41
1256 132
1257 119
1258 57
1259 106
1260 159
1261 68
1262 71
1263 80
1264 129
1265 35
1266 28
1267 23
1268 34
1269 40
1270 39
1271 29
1272 79
1273 33
1274 40
1275 32
1276 85
1277 41
1278 47
1279 27
1280 135
1281 59
1282 41
1283 67
1284 57
1285 37
1286 25
1287 42
1288 41
1289 108
1290 233
1291 177
1292 54
1293 111
1294 59
1295 102
1296 111
1297 246
1298 92
1299 80
1300 94
1301 67
1302 90
1303 46
1304 120
1305 60
1306 43
1307 32
1308 34
1309 49
1310 46
1311 42
1312 84
1313 59
1314 92
1315 85
1316 148
1317 58
1318 59
1319 118
1320 38
1321 494
1322 131
1323 84
1324 94
1325 254
1326 21
1327 253
1328 726
1329 95
1330 273
1331 63
1332 75
1333 51
1334 139
1335 93
1336 110
1337 96
1338 46
1339 46
1340 112
1341 47
1342 83
1343 54
1344 82
1345 100
1346 68
1347 56
1348 102
1349 33
1350 83
1351 75
1352 411
1353 219
1354 74
1355 103
1356 39
1357 60
1358 88
1359 59
1360 41
1361 39
1362 33
1363 43
1364 56
1365 152
1366 171
1367 43
1368 171
1369 210
1370 205
1371 58
1372 117
1373 94
1374 213
1375 286
1376 61
1377 155
1378 60
1379 60
1380 156
1381 41
1382 29
1383 156
1384 377
1385 54
1386 56
1387 57
1388 42
1389 58
1390 140
1391 29
1392 59
1393 32
1394 62
1395 57
1396 73
1397 45
1398 124
1399 69
1400 125
1401 141
1402 95
1403 27
1404 163
1405 32
1406 53
1407 103
1408 42
1409 54
1410 34
1411 29
1412 28
1413 72
1414 59
1415 69
1416 114
1417 257
1418 222
1419 651
1420 324
1421 655
1422 180
1423 544
1424 141
1425 461
1426 102
1427 102
1428 110
1429 43
1430 74
1431 33
1432 59
1433 45
1434 27
1435 33
1436 30
1437 41
1438 50
1439 42
1440 29
1441 66
1442 84
1443 257
1444 126
1445 104
1446 308
1447 72
1448 120
1449 82
1450 266
1451 349
1452 429
1453 135
1454 666
1455 316
1456 361
1457 180
1458 83
1459 123
1460 157
1461 210
1462 45
1463 90
1464 28
1465 33
1466 44
1467 119
1468 108
1469 135
1470 272
1471 464
1472 427
1473 325
1474 137
1475 823
1476 536
1477 196
1478 331
1479 664
1480 618
1481 927
1482 557
1483 1040
1484 447
1485 253
1486 141
1487 1290
1488 181
1489 101
1490 110
1491 67
1492 201
1493 146
1494 32
1495 25
1496 34
1497 43
1498 41
1499 120
1500 206
1501 295
1502 954
1503 400
1504 317
1505 485
1506 355
1507 285
1508 146
1509 316
1510 134
1511 261
1512 146
1513 369
1514 386
1515 338
1516 408
1517 726
1518 168
1519 255
1520 83
1521 225
1522 217
1523 297
1524 97
1525 71
1526 42
1527 32
1528 71
1529 28
1530 31
1531 36
1532 35
1533 33
1534 36
1535 81
1536 28
1537 44
1538 135
1539 177
1540 264
1541 117
1542 331
1543 698
1544 113
1545 816
1546 950
1547 1374
1548 1275
1549 299
1550 593
1551 711
1552 632
1553 2078
1554 3001
1555 1531
1556 1208
1557 718
1558 469
1559 217
1560 73
1561 143
1562 157
1563 68
1564 98
1565 69
1566 140
1567 57
1568 117
1569 58
1570 114
1571 168
1572 106
1573 136
1574 410
1575 346
1576 2630
1577 492
1578 1017
1579 1179
1580 1469
1581 1421
1582 2040
1583 375
1584 401
1585 323
1586 424
1587 96
1588 46
1589 37
1590 30
1591 36
1592 34
1593 54
1594 298
1595 531
1596 2557
1597 5522
1598 1465
1599 2256
1600 779
1601 685
1602 2543
1603 2039
1604 1792
1605 5354
1606 3355
1607 1042
1608 1343
1609 461
1610 118
1611 53
1612 28
1613 42
1614 25
1615 29
1616 25
1617 35
1618 35
1619 27
1620 32
1621 45
1622 71
1623 208
1624 1130
1625 1229
1626 4757
1627 4764
1628 3779
1629 2711
1630 1943
1631 2645
1632 1485
1633 1717
1634 718
1635 72
1636 45
1637 72
1638 84
1639 36
1640 43
1641 32
1642 34
1643 30
1644 80
1645 47
1646 349
1647 674
1648 3660
1649 1517
1650 1016
1651 1144
1652 445
1653 1899
1654 680
1655 314
1656 705
1657 97
1658 391
1659 58
1660 118
1661 59
1662 219
1663 93
1664 302
1665 746
1666 474
1667 627
1668 557
1669 647
1670 799
1671 148
1672 187
1673 130
1674 33
1675 91
1676 130
1677 60
1678 663
1679 243
1680 379
1681 251
1682 455
1683 459
1684 836
1685 586
1686 478
1687 210
1688 613
1689 238
1690 284
1691 185
1692 192
1693 135
1694 307
1695 142
1696 83
1697 160
1698 211
1699 429
1700 44
1701 278
1702 592
1703 249
1704 274
1705 165
1706 57
1707 363
1708 574
1709 1368
1710 872
1711 938
1712 216
1713 866
1714 682
1715 129
1716 216
1717 693
1718 1327
1719 995
1720 298
1721 816
1722 961
1723 701
1724 681
1725 947
1726 250
1727 1537
1728 786
1729 1276
1730 1957
1731 799
1732 2223
1733 595
1734 9212
1735 3123
1736 1898
1737 1404
1738 303
1739 1516
1740 2210
1741 531
1742 2487
1743 1406
1744 1745
1745 549
1746 2127
1747 264
1748 796
1749 257
1750 46
1751 94
1752 98
1753 1271
1754 1028
1755 2001
1756 782
1757 3460
1758 1849
1759 1166
1760 3026
1761 6620
1762 10097
1763 960
1764 1263
1765 955
1766 279
1767 144
1768 674
1769 233
1770 47
1771 129
1772 150
1773 341
1774 1896
1775 1418
1776 1105
1777 138
1778 73
1779 33
1780 28
1781 1102
1782 49
1783 576
1784 863
1785 15717
1786 169359
1787 37536
1788 136
1789 48
1790 77
1791 26
1792 31
1793 18
1794 18
1795 14
1796 24
1797 16
1798 23
1799 16
1800 23
1801 14
1802 19
1803 15
1804 10
1805 20
1806 11
1807 17
1808 16
1809 16
1810 20
1811 18
1812 21
1813 21
1814 27
1815 28
1816 30
1817 29
1818 28
1819 25
1820 32
1821 30
1822 30
1823 28
1824 30
1825 31
1826 30
1827 24
1828 29
1829 24
1830 34
1831 32
1832 30
1833 30
1834 33
1835 30
1836 34
1837 29
1838 32
1839 50
1840 35
1841 32
1842 34
1843 134
1844 44
1845 35
1846 31
1847 32
1848 24
1849 34
1850 29
1851 31
1852 45
1853 30
1854 27
1855 28
1856 35
1857 47
1858 24
1859 58
1860 32
1861 43
1862 34
1863 35
1864 46
1865 33
1866 33
1867 32
1868 30
1869 33
1870 28
1871 30
1872 33
1873 34
1874 29
1875 44
1876 86
1877 36
1878 36
1879 25
1880 26
1881 57
1882 21
1883 30
1884 33
1885 78
1886 37
1887 33
1888 50
1889 75
1890 28
1891 44
1892 77
1893 34
1894 30
1895 51
1896 44
1897 44
1898 159
1899 27
1900 33
1901 34
1902 57
1903 42
1904 32
1905 29
1906 32
1907 46
1908 59
1909 98
1910 111
1911 188
1912 268
1913 206
1914 268
1915 307
1916 83
1917 425
1918 411
1919 72
1920 102
1921 28
1922 35
1923 218
1924 43
1925 107
1926 341
1927 612
1928 324
1929 1017
1930 1935
1931 543
1932 892
1933 1450
1934 2735
1935 499
1936 536
1937 800
1938 72
1939 61
1940 55
1941 558
1942 158
1943 44
1944 738
1945 550
1946 1399
1947 1371
1948 1206
1949 3013
1950 1268
1951 1042
1952 2764
1953 1107
1954 1593
1955 689
1956 1338
1957 905
1958 1008
1959 1323
1960 1936
1961 986
1962 487
1963 436
1964 2096
1965 3001
1966 1307
1967 1579
1968 1190
1969 1548
1970 1610
1971 1207
1972 976
1973 2926
1974 1041
1975 866
1976 1256
1977 1626
1978 1471
1979 924
1980 901
1981 1482
1982 2507
1983 358
1984 1305
1985 796
1986 587
1987 329
1988 1158
1989 1948
1990 1045
1991 216
1992 1095
1993 3417
1994 610
1995 1242
1996 1299
1997 1615
1998 1577
1999 4070
