0 44
1 34
2 30
3 44
4 36
5 32
6 42
7 40
8 32
9 36
10 34
11 36
12 30
13 40
14 44
15 28
16 46
17 34
18 32
19 36
20 40
21 36
22 38
23 52
24 30
25 46
26 38
27 38
28 42
29 42
30 54
31 32
32 38
33 38
34 32
35 34
36 32
37 28
38 34
39 32
40 28
41 34
42 30
43 52
44 34
45 32
46 34
47 40
48 26
49 32
50 38
51 36
52 28
53 30
54 50
55 26
56 48
57 44
58 30
59 22
60 36
61 61
62 24
63 36
64 44
65 26
66 30
67 32
68 32
69 46
70 40
71 42
72 42
73 32
74 38
75 40
76 40
77 42
78 36
79 32
80 30
81 42
82 28
83 36
84 22
85 34
86 34
87 38
88 50
89 32
90 34
91 28
92 32
93 32
94 44
95 36
96 42
97 38
98 22
99 32
100 28
101 44
102 34
103 32
104 44
105 38
106 34
107 26
108 36
109 32
110 38
111 36
112 40
113 40
114 30
115 36
116 52
117 28
118 38
119 44
120 40
121 46
122 34
123 26
124 34
125 22
126 32
127 30
128 48
129 44
130 28
131 22
132 28
133 32
134 50
135 40
136 26
0 38
1 54
2 36
3 34
4 40
5 44
6 38
7 34
8 30
9 32
10 26
11 38
12 40
13 34
14 42
15 34
16 40
17 40
18 26
19 30
20 32
21 34
22 40
23 28
24 34
25 52
26 30
27 26
28 26
29 36
30 49
31 34
32 32
33 38
34 20
35 28
36 52
37 38
38 40
39 28
40 26
41 30
42 48
43 44
44 36
45 34
46 40
47 48
48 38
49 30
50 42
51 32
52 32
53 52
54 30
55 30
56 30
57 44
58 28
59 34
60 46
61 32
62 40
63 46
64 30
65 34
66 30
67 28
68 42
69 36
70 36
71 32
72 34
73 30
74 44
75 34
76 38
77 28
78 30
79 32
80 42
81 28
82 22
83 36
84 38
85 44
86 34
87 28
88 30
89 32
90 36
91 26
92 36
93 26
94 40
95 30
96 36
97 24
98 40
99 36
100 50
101 36
102 32
103 34
104 42
105 36
106 22
107 20
108 36
109 44
110 34
111 42
112 36
113 51
114 30
115 34
116 36
117 34
118 40
119 34
120 44
121 46
122 52
123 44
124 28
125 36
126 46
127 40
128 26
129 40
130 38
131 42
132 30
133 36
134 34
135 40
136 36
137 38
138 40
139 22
140 30
141 32
142 26
143 36
144 30
145 32
146 22
147 40
148 30
149 36
150 40
151 36
152 38
153 40
154 28
155 42
156 36
157 30
158 26
159 32
160 44
161 38
162 34
163 28
164 34
165 38
166 46
167 50
168 24
169 22
170 30
171 32
172 26
173 36
174 40
175 46
176 44
177 46
178 34
179 34
180 42
181 46
182 18
183 30
184 38
185 26
186 46
187 28
188 30
189 36
190 28
191 36
192 32
193 32
194 38
195 30
196 36
197 34
198 30
199 36
200 38
201 22
202 20
203 38
204 38
205 40
206 32
207 22
208 34
209 22
210 38
211 32
212 32
213 30
214 36
215 40
216 26
217 42
218 36
219 40
220 26
221 30
222 18
223 22
224 34
225 32
226 42
227 32
228 28
229 24
230 40
231 26
232 38
233 32
234 50
235 28
236 26
237 32
238 24
239 32
240 38
241 34
242 36
243 46
244 20
245 38
246 20
247 28
248 30
249 26
250 36
251 36
252 40
253 22
254 36
255 36
256 18
257 34
258 40
259 32
260 28
261 28
262 36
263 26
264 34
265 36
266 24
267 46
268 22
269 26
270 38
271 36
272 42
273 28
274 38
275 34
276 34
277 26
278 20
279 28
280 30
281 28
282 30
283 36
284 40
285 22
286 44
287 34
288 28
289 46
290 38
291 40
292 49
293 38
294 36
295 54
296 34
297 34
298 26
299 36
300 24
301 30
302 32
303 34
304 30
305 34
306 32
307 24
308 42
309 32
310 26
311 40
312 32
313 28
314 30
315 28
316 28
317 28
318 24
319 24
320 40
321 42
322 42
323 53
324 36
325 34
326 48
327 42
328 28
329 42
330 36
331 38
332 46
333 57
334 24
335 32
336 24
337 28
338 56
339 30
340 30
341 36
342 28
343 28
344 52
345 38
346 34
347 28
348 32
349 50
350 34
351 36
352 44
353 52
354 26
355 30
356 28
357 20
358 36
359 40
360 32
361 28
362 40
363 38
364 40
365 32
366 26
367 26
368 52
369 38
370 34
371 18
372 30
373 50
374 24
375 38
376 60
377 34
378 20
379 24
380 38
381 24
382 48
383 22
384 30
385 30
386 46
387 30
388 28
389 26
390 40
391 30
392 28
393 38
394 30
395 48
396 26
397 40
398 62
399 32
400 44
401 30
402 36
403 24
404 38
405 30
406 44
407 42
408 36
409 42
410 28
411 53
412 48
413 28
414 50
415 30
416 30
417 34
418 36
419 38
420 38
421 46
422 54
423 46
424 28
425 42
426 34
427 42
428 53
429 32
430 18
431 28
432 46
433 30
434 24
435 30
436 44
437 36
438 42
439 22
440 92
441 30
442 42
443 49
444 50
445 26
446 34
447 38
448 44
449 40
450 44
451 36
452 24
453 46
454 24
455 30
456 42
457 30
458 40
459 34
460 30
461 32
462 36
463 30
464 40
465 42
466 42
467 42
468 36
469 42
470 44
471 30
472 32
473 44
474 30
475 24
476 32
477 56
478 32
479 30
480 40
481 36
482 48
483 75
484 38
485 72
486 65
487 44
488 34
489 38
490 36
491 34
492 38
493 30
494 32
495 44
496 30
497 42
498 54
499 30
500 30
501 38
502 18
503 46
504 52
505 42
506 40
507 46
508 48
509 46
510 42
511 34
512 48
513 32
514 38
515 40
516 26
517 34
518 24
519 38
520 34
521 34
522 28
523 40
524 57
525 42
526 46
527 54
528 65
529 42
530 42
531 44
532 52
533 59
534 48
535 34
536 54
537 48
538 44
539 60
540 38
541 44
542 48
543 44
544 38
545 30
546 57
547 44
548 48
549 36
550 48
551 65
552 36
553 38
554 40
555 36
556 67
557 48
558 46
559 44
560 66
561 58
562 48
563 42
564 42
565 44
566 50
567 40
568 62
569 38
570 65
571 36
572 38
573 48
574 40
575 79
576 42
577 44
578 36
579 59
580 67
581 56
582 65
583 34
584 52
585 58
586 32
587 32
588 44
589 54
590 50
591 76
592 56
593 42
594 55
595 34
596 54
597 44
598 73
599 88
600 44
601 46
602 46
603 50
604 40
605 52
606 97
607 50
608 48
609 48
610 48
611 32
612 36
613 46
614 50
615 42
616 38
617 32
618 50
619 32
620 46
621 38
622 52
623 42
624 28
625 42
626 50
627 48
628 44
629 69
630 48
631 50
632 60
633 42
634 46
635 56
636 48
637 40
638 28
639 50
640 42
641 42
642 40
643 40
644 65
645 34
646 46
647 38
648 58
649 44
650 48
651 63
652 48
653 62
654 52
655 54
656 50
657 50
658 38
659 46
660 71
661 109
662 44
663 50
664 46
665 50
666 60
667 42
668 50
669 67
670 38
671 99
672 57
673 28
674 46
675 77
676 42
677 51
678 68
679 36
680 48
681 36
682 54
683 46
684 36
685 42
686 60
687 42
688 54
689 74
690 54
691 50
692 36
693 56
694 56
695 56
696 66
697 44
698 73
699 44
700 88
701 40
702 48
703 70
704 32
705 34
706 62
707 32
708 69
709 61
710 42
711 69
712 52
713 65
714 41
715 95
716 62
717 59
718 40
719 64
720 71
721 88
722 100
723 58
724 64
725 50
726 64
727 69
728 67
729 52
730 51
731 53
732 52
733 54
734 60
735 71
736 55
737 40
738 48
739 38
740 44
741 38
742 86
743 143
744 50
745 42
746 49
747 46
748 50
749 56
750 59
751 86
752 46
753 40
754 86
755 54
756 67
757 80
758 36
759 58
760 60
761 63
762 52
763 80
764 54
765 36
766 52
767 42
768 51
769 87
770 69
771 34
772 64
773 58
774 71
775 44
776 75
777 44
778 69
779 69
780 56
781 54
782 44
783 94
784 36
785 73
786 36
787 62
788 55
789 59
790 61
791 57
792 92
793 48
794 51
795 38
796 60
797 63
798 54
799 82
800 44
801 56
802 94
803 127
804 60
805 73
806 56
807 63
808 74
809 49
810 59
811 56
812 96
813 71
814 36
815 86
816 54
817 124
818 54
819 54
820 38
821 56
822 48
823 46
824 69
825 54
826 90
827 62
828 90
829 54
830 65
831 67
832 64
833 46
834 34
835 67
836 120
837 54
838 90
839 56
840 61
841 44
842 84
843 51
844 65
845 56
846 127
847 75
848 74
849 28
850 46
851 60
852 38
853 42
854 45
855 65
856 40
857 61
858 61
859 30
860 148
861 86
862 49
863 56
864 56
865 57
866 62
867 105
868 96
869 107
870 80
871 34
872 59
873 83
874 54
875 42
876 73
877 92
878 44
879 93
880 64
881 52
882 50
883 83
884 52
885 60
886 54
887 54
888 68
889 42
890 89
891 45
892 58
893 59
894 92
895 50
896 56
897 73
898 52
899 44
900 73
901 64
902 65
903 30
904 71
905 44
906 100
907 56
908 58
909 68
910 54
911 60
912 71
913 84
914 145
915 82
916 92
917 40
918 53
919 71
920 62
921 146
922 73
923 124
924 152
925 117
926 57
927 66
928 73
929 67
930 32
931 52
932 118
933 61
934 93
935 97
936 67
937 42
938 69
939 73
940 56
941 50
942 46
943 68
944 90
945 40
946 56
947 141
948 69
949 54
950 75
951 63
952 50
953 64
954 122
955 78
956 50
957 96
958 84
959 120
960 95
961 55
962 118
963 50
964 77
965 56
966 120
967 106
968 97
969 62
970 61
971 83
972 60
973 67
974 44
975 84
976 104
977 79
978 73
979 83
980 46
981 62
982 154
983 64
984 65
985 73
986 72
987 78
988 76
989 44
990 50
991 65
992 61
993 77
994 75
995 105
996 145
997 154
998 59
999 63
1000 88
1001 161
1002 131
1003 58
1004 50
1005 113
1006 133
1007 71
1008 84
1009 83
1010 71
1011 118
1012 60
1013 63
1014 48
1015 62
1016 90
1017 101
1018 63
1019 88
1020 74
1021 63
1022 72
1023 94
1024 99
1025 190
1026 77
1027 129
1028 85
1029 118
1030 107
1031 101
1032 84
1033 84
1034 108
1035 107
1036 116
1037 103
1038 82
1039 169
1040 56
1041 59
1042 65
1043 38
1044 86
1045 109
1046 105
1047 76
1048 97
1049 66
1050 75
1051 95
1052 111
1053 61
1054 120
1055 107
1056 72
1057 116
1058 99
1059 96
1060 92
1061 71
1062 94
1063 65
1064 84
1065 50
1066 90
1067 52
1068 138
1069 230
1070 48
1071 85
1072 58
1073 139
1074 62
1075 67
1076 63
1077 280
1078 129
1079 173
1080 99
1081 60
1082 44
1083 56
1084 60
1085 73
1086 60
1087 116
1088 64
1089 48
1090 110
1091 257
1092 88
1093 101
1094 94
1095 103
1096 72
1097 52
1098 65
1099 116
1100 65
1101 85
1102 71
1103 159
1104 48
1105 78
1106 101
1107 57
1108 74
1109 61
1110 44
1111 71
1112 54
1113 65
1114 55
1115 114
1116 79
1117 117
1118 146
1119 86
1120 105
1121 59
1122 121
1123 60
1124 120
1125 299
1126 97
1127 79
1128 71
1129 114
1130 58
1131 58
1132 180
1133 60
1134 102
1135 115
1136 189
1137 51
1138 148
1139 56
1140 280
1141 56
1142 105
1143 67
1144 101
1145 135
1146 116
1147 135
1148 64
1149 62
1150 60
1151 131
1152 63
1153 90
1154 60
1155 142
1156 160
1157 289
1158 73
1159 144
1160 99
1161 62
1162 127
1163 75
1164 88
1165 256
1166 122
1167 78
1168 156
1169 154
1170 150
1171 38
1172 218
1173 67
1174 92
1175 173
1176 167
1177 214
1178 214
1179 90
1180 64
1181 57
1182 93
1183 112
1184 140
1185 139
1186 171
1187 73
1188 84
1189 214
1190 190
1191 69
1192 109
1193 60
1194 220
1195 116
1196 93
1197 169
1198 80
1199 195
1200 90
1201 107
1202 90
1203 96
1204 138
1205 90
1206 298
1207 190
1208 96
1209 52
1210 271
1211 140
1212 122
1213 186
1214 116
1215 77
1216 71
1217 52
1218 131
1219 111
1220 66
1221 58
1222 75
1223 87
1224 176
1225 52
1226 510
1227 60
1228 60
1229 90
1230 77
1231 90
1232 122
1233 90
1234 120
1235 103
1236 103
1237 233
1238 151
1239 113
1240 92
1241 77
1242 227
1243 66
1244 81
1245 79
1246 104
1247 114
1248 98
1249 149
1250 77
1251 130
1252 71
1253 60
1254 56
1255 58
1256 116
1257 173
1258 113
1259 66
1260 103
1261 76
1262 56
1263 92
1264 79
1265 90
1266 58
1267 163
1268 172
1269 189
1270 245
1271 132
1272 108
1273 129
1274 134
1275 111
1276 79
1277 67
1278 139
1279 185
1280 97
1281 150
1282 107
1283 70
1284 314
1285 58
1286 52
1287 154
1288 92
1289 79
1290 141
1291 206
1292 229
1293 334
1294 84
1295 250
1296 81
1297 71
1298 237
1299 104
1300 48
1301 83
1302 147
1303 133
1304 219
1305 63
1306 133
1307 218
1308 455
1309 212
1310 124
1311 90
1312 54
1313 114
1314 46
1315 122
1316 147
1317 105
1318 54
1319 103
1320 132
1321 120
1322 490
1323 59
1324 70
1325 63
1326 77
1327 54
1328 69
1329 126
1330 116
1331 111
1332 114
1333 73
1334 383
1335 322
1336 69
1337 190
1338 62
1339 70
1340 96
1341 82
1342 188
1343 120
1344 60
1345 173
1346 98
1347 229
1348 175
1349 86
1350 77
1351 126
1352 161
1353 102
1354 112
1355 81
1356 111
1357 62
1358 62
1359 85
1360 79
1361 76
1362 105
1363 440
1364 199
1365 434
1366 69
1367 55
1368 125
1369 81
1370 62
1371 79
1372 59
1373 237
1374 209
1375 94
1376 92
1377 148
1378 272
1379 118
1380 276
1381 61
1382 105
1383 77
1384 154
1385 61
1386 148
1387 326
1388 387
1389 74
1390 421
1391 218
1392 339
1393 251
1394 85
1395 81
1396 72
1397 316
1398 73
1399 438
1400 113
1401 292
1402 970
1403 248
1404 92
1405 354
1406 154
1407 120
1408 54
1409 100
1410 167
1411 111
1412 239
1413 67
1414 346
1415 965
1416 169
1417 124
1418 263
1419 146
1420 56
1421 80
1422 121
1423 117
1424 71
1425 68
1426 492
1427 495
1428 264
1429 437
1430 287
1431 111
1432 337
1433 143
1434 98
1435 77
1436 128
1437 239
1438 79
1439 312
1440 688
1441 349
1442 219
1443 202
1444 73
1445 102
1446 113
1447 119
1448 430
1449 483
1450 567
1451 534
1452 614
1453 349
1454 101
1455 231
1456 123
1457 94
1458 66
1459 64
1460 58
1461 75
1462 417
1463 493
1464 368
1465 396
1466 114
1467 328
1468 204
1469 533
1470 856
1471 249
1472 75
1473 68
1474 66
1475 52
1476 64
1477 32
1478 60
1479 60
1480 222
1481 658
1482 282
1483 531
1484 909
1485 310
1486 1255
1487 199
1488 298
1489 221
1490 260
1491 58
1492 68
1493 72
1494 81
1495 58
1496 60
1497 66
1498 81
1499 85
1500 178
1501 44
1502 81
1503 111
1504 62
1505 65
1506 81
1507 70
1508 126
1509 68
1510 75
1511 56
1512 48
1513 154
1514 130
1515 75
1516 44
1517 62
1518 249
1519 70
1520 94
1521 56
1522 69
1523 67
1524 218
1525 72
1526 60
1527 82
1528 124
1529 130
1530 139
1531 90
1532 171
1533 83
1534 193
1535 70
1536 85
1537 167
1538 186
1539 156
1540 135
1541 137
1542 164
1543 92
1544 81
1545 212
1546 216
1547 150
1548 392
1549 1144
1550 587
1551 1113
1552 498
1553 757
1554 82
1555 295
1556 122
1557 134
1558 850
1559 493
1560 687
1561 888
1562 425
1563 1666
1564 353
1565 1603
1566 92
1567 54
1568 231
1569 746
1570 1284
1571 913
1572 468
1573 1074
1574 3353
1575 391
1576 527
1577 50
1578 66
1579 68
1580 50
1581 64
1582 107
1583 60
1584 128
1585 207
1586 1186
1587 384
1588 1773
1589 1251
1590 4353
1591 451
1592 175
1593 81
1594 62
1595 150
1596 153
1597 1600
1598 1937
1599 497
1600 650
1601 1086
1602 2009
1603 277
1604 218
1605 166
1606 89
1607 68
1608 62
1609 171
1610 107
1611 220
1612 507
1613 82
1614 648
1615 2083
1616 1006
1617 571
1618 496
1619 60
1620 195
1621 90
1622 77
1623 83
1624 94
1625 132
1626 118
1627 231
1628 403
1629 1161
1630 492
1631 375
1632 869
1633 164
1634 630
1635 546
1636 748
1637 165
1638 325
1639 173
1640 81
1641 184
1642 141
1643 60
1644 102
1645 77
1646 96
1647 169
1648 291
1649 1356
1650 905
1651 483
1652 466
1653 158
1654 72
1655 50
1656 68
1657 62
1658 60
1659 72
1660 100
1661 111
1662 472
1663 83
1664 403
1665 709
1666 1381
1667 556
1668 160
1669 325
1670 679
1671 256
1672 674
1673 98
1674 149
1675 52
1676 83
1677 87
1678 164
1679 210
1680 645
1681 1818
1682 726
1683 716
1684 710
1685 1764
1686 306
1687 661
1688 1515
1689 1469
1690 263
1691 107
1692 207
1693 81
1694 87
1695 64
1696 70
1697 75
1698 94
1699 109
1700 1354
1701 1188
1702 629
1703 1742
1704 5206
1705 1967
1706 475
1707 275
1708 205
1709 134
1710 70
1711 103
1712 175
1713 83
1714 78
1715 141
1716 143
1717 203
1718 169
1719 215
1720 160
1721 171
1722 156
1723 135
1724 83
1725 64
1726 68
1727 70
1728 85
1729 224
1730 269
1731 1479
1732 2970
1733 1479
0 32
1 44
2 40
3 38
4 32
5 54
6 34
7 46
8 34
9 40
10 46
11 46
12 24
13 34
14 38
15 28
16 40
17 38
18 28
19 38
20 34
21 24
22 30
23 36
24 26
25 34
26 42
27 26
28 44
29 40
30 28
31 48
32 40
33 30
34 44
35 28
36 44
37 48
38 24
39 44
40 26
41 42
42 22
43 24
44 32
45 63
46 36
47 46
48 42
49 46
50 36
51 24
52 34
53 46
54 34
55 40
56 24
57 22
58 34
59 52
60 36
61 34
62 40
63 28
64 22
65 32
66 28
67 38
68 46
69 40
70 34
71 44
72 30
73 32
74 24
75 30
76 48
77 38
78 52
79 38
80 26
81 30
82 34
83 34
84 36
85 30
86 36
87 36
88 42
89 38
90 36
91 48
92 32
93 32
94 38
95 32
96 30
97 38
98 42
99 40
100 32
101 32
102 32
103 48
104 36
105 38
106 28
107 22
108 36
109 26
110 38
111 32
112 40
113 48
114 26
115 40
116 34
117 24
118 42
119 38
120 30
121 44
122 48
123 44
124 44
125 32
126 40
127 38
128 30
129 38
130 34
131 30
132 42
133 46
134 48
135 36
136 38
137 40
138 30
139 30
140 40
141 50
142 42
143 28
144 32
145 32
146 30
147 20
148 46
149 34
150 30
151 32
152 20
153 28
154 28
155 30
156 52
157 46
158 46
159 34
160 46
161 32
162 36
163 50
164 32
165 38
166 34
167 20
168 36
169 26
170 28
171 34
172 32
173 44
174 40
175 34
176 30
177 42
178 30
179 30
180 32
181 30
182 40
183 48
184 38
185 32
186 30
187 42
188 24
189 44
190 38
191 40
192 32
193 40
194 40
195 42
196 38
197 48
198 38
199 26
200 40
201 22
202 26
203 36
204 22
205 32
206 40
207 36
208 54
209 30
210 46
211 30
212 32
213 28
214 40
215 34
216 36
217 38
218 42
219 38
220 34
221 26
222 30
223 36
224 36
225 32
226 26
227 38
228 28
229 40
230 32
231 32
232 38
233 36
234 26
235 36
236 24
237 24
238 40
239 38
240 36
241 36
242 34
243 32
244 32
245 34
246 36
247 30
248 50
249 26
250 24
251 24
252 38
253 30
254 38
255 36
256 32
257 50
258 42
259 40
260 38
261 34
262 34
263 38
264 44
0 46
1 38
2 30
3 44
4 36
5 42
6 44
7 42
8 22
9 36
10 34
11 42
12 28
13 42
14 36
15 34
16 32
17 44
18 44
19 32
20 40
21 36
22 40
23 38
24 42
25 28
26 44
27 40
28 40
29 44
30 26
31 50
32 28
33 30
34 40
35 38
36 42
37 30
38 40
39 34
40 30
41 38
42 28
43 42
44 40
45 38
46 36
47 36
48 26
49 26
50 38
51 38
52 40
53 48
54 28
55 48
56 42
57 36
58 38
59 24
60 40
61 34
62 30
63 36
64 26
65 28
66 24
67 32
68 48
69 36
70 34
71 26
72 28
73 32
74 40
75 40
76 24
77 24
78 28
79 54
80 40
81 40
82 36
83 32
84 42
85 26
86 30
87 42
88 36
89 46
90 40
91 50
92 38
93 36
94 20
95 32
96 30
97 44
98 22
99 28
100 40
101 22
102 20
103 24
104 34
105 32
106 32
107 46
108 26
109 38
110 28
111 36
112 30
113 34
114 36
115 28
116 55
117 22
118 36
119 48
120 28
121 28
122 36
123 40
124 46
125 30
126 34
127 46
128 38
129 40
130 36
131 34
132 22
133 36
134 26
135 40
136 40
137 40
138 46
139 57
140 34
141 26
142 34
143 28
144 26
145 28
146 30
147 28
148 36
149 38
150 34
151 38
152 28
153 32
154 42
155 18
156 36
157 36
158 36
159 42
160 36
161 46
162 18
163 20
164 22
165 32
166 28
167 36
168 26
169 34
170 42
171 24
172 40
173 32
174 38
175 32
176 38
177 34
178 32
179 36
180 24
181 46
182 34
183 26
184 22
185 26
186 36
187 28
188 32
189 36
190 32
191 42
192 42
193 34
194 46
195 34
196 40
197 36
198 46
199 38
200 28
201 50
202 30
203 24
204 40
205 26
206 12
207 36
208 48
209 42
210 42
211 36
212 46
213 38
214 26
215 24
216 28
217 40
218 34
219 48
220 38
221 34
222 24
223 30
224 32
225 28
226 44
227 48
228 24
229 34
230 38
231 30
232 34
233 36
234 30
235 38
236 40
237 44
238 22
239 30
240 26
241 20
242 30
243 36
244 42
245 46
246 32
247 32
248 34
249 36
250 40
251 24
252 32
253 32
254 36
255 34
256 32
257 34
258 34
259 36
260 42
261 24
262 34
263 40
264 32
265 26
266 38
267 38
268 28
269 36
270 32
271 36
272 30
273 36
274 22
275 36
276 38
277 41
278 48
279 26
280 40
281 38
282 30
283 54
284 32
285 32
286 32
287 26
288 26
289 34
290 26
291 32
292 24
293 34
294 30
295 36
296 36
297 32
298 42
299 44
300 32
301 36
302 42
303 18
304 30
305 24
306 22
307 12
308 30
309 24
310 30
311 22
312 30
313 26
314 28
315 44
316 28
317 44
318 34
319 30
320 38
321 46
322 32
323 34
324 30
325 49
326 22
327 22
328 46
329 44
330 40
331 26
332 44
333 30
334 32
335 44
336 30
337 26
338 38
339 24
340 32
341 28
342 34
343 40
344 30
345 20
346 38
347 24
348 47
349 63
350 36
351 32
352 38
353 40
354 40
355 36
356 44
357 34
358 38
359 26
360 38
361 42
362 32
363 30
364 32
365 46
366 34
367 32
368 52
369 34
370 40
371 32
372 26
373 38
374 38
375 28
376 38
377 46
378 36
379 34
380 30
381 32
382 18
383 28
384 24
385 24
386 38
387 46
388 40
389 40
390 50
391 30
392 46
393 52
394 40
395 40
396 40
397 16
398 36
399 38
400 38
401 38
402 38
403 42
404 30
405 44
406 30
407 20
408 32
409 42
410 42
411 28
412 34
413 36
414 38
415 40
416 30
417 16
418 52
419 32
420 34
421 20
422 24
423 32
424 34
425 52
426 38
427 46
428 32
429 32
430 46
431 40
432 30
433 36
434 42
435 40
436 52
437 44
438 42
439 46
440 40
441 34
442 42
443 44
444 26
445 30
446 26
447 44
448 30
449 30
450 34
451 42
452 38
453 38
454 36
455 44
456 44
457 42
458 40
459 52
460 32
461 40
462 28
463 28
464 26
465 38
466 30
467 38
468 28
469 32
470 44
471 26
472 30
473 58
474 26
475 34
476 28
477 36
478 48
479 36
480 32
481 28
482 55
483 24
484 28
485 26
486 22
487 42
488 40
489 24
490 40
491 24
492 32
493 32
494 32
495 48
496 48
497 83
498 26
499 56
500 22
501 32
502 30
503 44
504 32
505 30
506 24
507 38
508 42
509 38
510 38
511 40
512 42
513 48
514 34
515 47
516 36
517 40
518 32
519 34
520 28
521 34
522 54
523 42
524 42
525 52
526 54
527 22
528 28
529 48
530 30
531 24
532 57
533 50
534 36
535 26
536 32
537 30
538 34
539 42
540 30
541 30
542 48
543 38
544 50
545 44
546 28
547 40
548 52
549 20
550 54
551 36
552 44
553 42
554 52
555 53
556 50
557 44
558 40
559 36
560 34
561 42
562 40
563 22
564 38
565 30
566 36
567 54
568 32
569 28
570 24
571 28
572 28
573 68
574 30
575 42
576 89
577 56
578 34
579 36
580 48
581 38
582 38
583 42
584 34
585 60
586 40
587 54
588 50
589 48
590 54
591 44
592 42
593 50
594 58
595 30
596 40
597 38
598 67
599 36
600 22
601 51
602 50
603 42
604 52
605 24
606 32
607 26
608 52
609 42
610 42
611 57
612 73
613 34
614 40
615 30
616 44
617 44
618 40
619 20
620 42
621 58
622 26
623 34
624 46
625 32
626 46
627 52
628 30
629 50
630 32
631 56
632 40
633 54
634 40
635 44
636 44
637 34
638 52
639 50
640 46
641 56
642 38
643 58
644 30
645 46
646 78
647 42
648 24
649 26
650 28
651 57
652 50
653 40
654 54
655 54
656 44
657 59
658 20
659 56
660 40
661 40
662 40
663 40
664 46
665 46
666 54
667 50
668 36
669 56
670 44
671 49
672 50
673 50
674 42
675 42
676 46
677 34
678 48
679 34
680 46
681 58
682 56
683 42
684 36
685 24
686 40
687 44
688 46
689 46
690 60
691 42
692 48
693 32
694 52
695 54
696 38
697 40
698 34
699 38
700 38
701 40
702 26
703 52
704 51
705 56
706 63
707 30
708 42
709 61
710 44
711 58
712 46
713 48
714 40
715 36
716 50
717 51
718 46
719 36
720 48
721 36
722 50
723 56
724 56
725 34
726 32
727 66
728 50
729 46
730 36
731 54
732 42
733 40
734 46
735 44
736 50
737 65
738 53
739 58
740 40
741 50
742 61
743 40
744 58
745 52
746 40
747 73
748 48
749 59
750 36
751 73
752 73
753 48
754 57
755 56
756 38
757 65
758 40
759 44
760 54
761 62
762 78
763 48
764 40
765 69
766 40
767 48
768 44
769 46
770 44
771 50
772 63
773 28
774 48
775 48
776 56
777 42
778 48
779 36
780 32
781 50
782 36
783 63
784 42
785 48
786 40
787 50
788 92
789 87
790 44
791 67
792 52
793 67
794 56
795 38
796 65
797 60
798 54
799 36
800 50
801 56
802 48
803 46
804 55
805 54
806 42
807 32
808 54
809 44
810 49
811 54
812 48
813 40
814 46
815 42
816 52
817 38
818 58
819 58
820 40
821 48
822 62
823 48
824 43
825 40
826 60
827 46
828 46
829 63
830 47
831 70
832 52
833 42
834 46
835 70
836 50
837 55
838 75
839 54
840 40
841 65
842 46
843 54
844 42
845 61
846 40
847 50
848 42
849 57
850 55
851 62
852 73
853 28
854 46
855 52
856 105
857 53
858 36
859 48
860 50
861 57
862 40
863 58
864 43
865 46
866 26
867 69
868 36
869 50
870 48
871 52
872 30
873 48
874 118
875 42
876 34
877 88
878 48
879 76
880 66
881 61
882 42
883 38
884 63
885 54
886 65
887 46
888 58
889 65
890 84
891 40
892 46
893 61
894 204
895 92
896 52
897 57
898 93
899 56
900 58
901 48
902 59
903 96
904 71
905 52
906 88
907 76
908 44
909 58
910 44
911 63
912 54
913 65
914 52
915 44
916 54
917 48
918 60
919 78
920 50
921 66
922 63
923 48
924 71
925 64
926 90
927 42
928 88
929 42
930 54
931 75
932 75
933 69
934 50
935 118
936 26
937 66
938 40
939 46
940 44
941 101
942 56
943 50
944 52
945 71
946 60
947 75
948 48
949 88
950 75
951 107
952 46
953 58
954 58
955 77
956 79
957 95
958 59
959 79
960 50
961 52
962 56
963 81
964 46
965 54
966 48
967 26
968 65
969 64
970 46
971 67
972 56
973 50
974 52
975 52
976 108
977 69
978 64
979 64
980 48
981 46
982 62
983 65
984 32
985 60
986 76
987 127
988 50
989 77
990 81
991 206
992 73
993 74
994 46
995 69
996 84
997 56
998 50
999 65
1000 114
1001 54
1002 44
1003 62
1004 52
1005 50
1006 46
1007 75
1008 46
1009 64
1010 54
1011 58
1012 50
1013 53
1014 59
1015 146
1016 46
1017 60
1018 54
1019 105
1020 50
1021 114
1022 97
1023 95
1024 141
1025 60
1026 62
1027 46
1028 78
1029 114
1030 116
1031 38
1032 67
1033 32
1034 69
1035 90
1036 84
1037 106
1038 73
1039 52
1040 56
1041 56
1042 88
1043 114
1044 48
1045 63
1046 63
1047 42
1048 52
1049 53
1050 73
1051 73
1052 52
1053 82
1054 54
1055 82
1056 108
1057 58
1058 69
1059 69
1060 92
1061 50
1062 75
1063 105
1064 38
1065 97
1066 59
1067 80
1068 51
1069 86
1070 73
1071 46
1072 65
1073 61
1074 133
1075 99
1076 82
1077 105
1078 103
1079 34
1080 109
1081 59
1082 67
1083 65
1084 76
1085 67
1086 112
1087 36
1088 56
1089 65
1090 143
1091 40
1092 101
1093 86
1094 84
1095 96
1096 61
1097 34
1098 58
1099 42
1100 68
1101 54
1102 96
1103 109
1104 70
1105 61
1106 120
1107 61
1108 56
1109 90
1110 126
1111 101
1112 119
1113 67
1114 67
1115 48
1116 79
1117 48
1118 75
1119 131
1120 55
1121 61
1122 89
1123 60
1124 65
1125 144
1126 52
1127 40
1128 71
1129 86
1130 82
1131 53
1132 71
1133 92
1134 107
1135 50
1136 44
1137 124
1138 122
1139 69
1140 84
1141 80
1142 92
1143 65
1144 69
1145 70
1146 57
1147 71
1148 57
1149 105
1150 56
1151 83
1152 77
1153 62
1154 145
1155 70
1156 118
1157 116
1158 34
1159 60
1160 143
1161 120
1162 245
1163 71
1164 50
1165 83
1166 96
1167 57
1168 159
1169 66
1170 82
1171 65
1172 120
1173 120
1174 57
1175 59
1176 48
1177 75
1178 115
1179 80
1180 65
1181 58
1182 58
1183 90
1184 88
1185 80
1186 42
1187 95
1188 84
1189 54
1190 50
1191 50
1192 60
1193 105
1194 61
1195 115
1196 109
1197 182
1198 86
1199 206
1200 50
1201 54
1202 83
1203 34
1204 156
1205 56
1206 81
1207 76
1208 79
1209 206
1210 157
1211 48
1212 56
1213 50
1214 74
1215 227
1216 59
1217 92
1218 66
1219 105
1220 69
1221 55
1222 87
1223 60
1224 90
1225 54
1226 109
1227 54
1228 46
1229 80
1230 74
1231 67
1232 75
1233 96
1234 59
1235 54
1236 74
1237 174
1238 105
1239 36
1240 214
1241 76
1242 75
1243 101
1244 62
1245 116
1246 83
1247 62
1248 105
1249 55
1250 120
1251 71
1252 84
1253 44
1254 65
1255 135
1256 65
1257 91
1258 159
1259 48
1260 59
1261 54
1262 79
1263 79
1264 50
1265 103
1266 96
1267 257
1268 100
1269 118
1270 97
1271 180
1272 71
1273 216
1274 82
1275 65
1276 161
1277 69
1278 77
1279 86
1280 86
1281 152
1282 163
1283 67
1284 119
1285 96
1286 101
1287 234
1288 79
1289 86
1290 88
1291 212
1292 227
1293 84
1294 139
1295 52
1296 60
1297 236
1298 152
1299 73
1300 101
1301 75
1302 62
1303 82
1304 48
1305 48
1306 56
1307 99
1308 164
1309 167
1310 122
1311 195
1312 78
1313 153
1314 74
1315 58
1316 64
1317 112
1318 94
1319 112
1320 118
1321 210
1322 122
1323 173
1324 81
1325 116
1326 148
1327 60
1328 77
1329 81
1330 59
1331 129
1332 92
1333 67
1334 38
1335 62
1336 169
1337 94
1338 135
1339 152
1340 109
1341 161
1342 126
1343 133
1344 152
1345 71
1346 128
1347 69
1348 180
1349 129
1350 170
1351 165
1352 59
1353 91
1354 165
1355 49
1356 86
1357 216
1358 92
1359 62
1360 154
1361 66
1362 47
1363 167
1364 78
1365 46
1366 200
1367 73
1368 71
1369 65
1370 223
1371 61
1372 234
1373 107
1374 205
1375 139
1376 172
1377 76
1378 92
1379 58
1380 56
1381 163
1382 56
1383 58
1384 225
1385 101
1386 82
1387 76
1388 283
1389 172
1390 73
1391 40
1392 103
1393 94
1394 233
1395 100
1396 303
1397 62
1398 124
1399 97
1400 94
1401 304
1402 165
1403 122
1404 148
1405 122
1406 105
1407 105
1408 158
1409 66
1410 86
1411 65
1412 127
1413 108
1414 172
1415 234
1416 152
1417 118
1418 224
1419 75
1420 58
1421 171
1422 52
1423 34
1424 101
1425 171
1426 268
1427 97
1428 146
1429 118
1430 73
1431 279
1432 64
1433 77
1434 223
1435 124
1436 89
1437 111
1438 156
1439 143
1440 75
1441 126
1442 308
1443 174
1444 64
1445 99
1446 58
1447 86
1448 56
1449 58
1450 131
1451 261
1452 101
1453 191
1454 185
1455 105
1456 135
1457 118
1458 87
1459 56
1460 90
1461 84
1462 44
1463 56
1464 133
1465 137
1466 65
1467 42
1468 71
1469 67
1470 137
1471 38
1472 156
1473 92
1474 58
1475 77
1476 82
1477 60
1478 42
1479 436
1480 253
1481 281
1482 99
1483 173
1484 101
1485 56
1486 68
1487 58
1488 73
1489 54
1490 64
1491 68
1492 73
1493 84
1494 263
1495 169
1496 60
1497 182
1498 133
1499 213
1500 88
1501 126
1502 65
1503 75
1504 84
1505 165
1506 265
1507 186
1508 207
1509 202
1510 167
1511 206
1512 269
1513 58
1514 71
1515 90
1516 203
1517 120
1518 81
1519 50
1520 139
1521 107
1522 128
1523 158
1524 379
1525 68
1526 244
1527 102
1528 52
1529 231
1530 108
1531 261
1532 128
1533 122
1534 83
1535 90
1536 63
1537 75
1538 110
1539 94
1540 94
1541 165
1542 75
1543 62
1544 60
1545 63
1546 192
1547 71
1548 199
1549 158
1550 146
1551 64
1552 131
1553 92
1554 86
1555 139
1556 330
1557 272
1558 185
1559 163
1560 220
1561 110
1562 104
1563 50
1564 77
1565 64
1566 62
1567 107
1568 178
1569 298
1570 224
1571 103
1572 177
1573 109
1574 137
1575 54
1576 58
1577 92
1578 77
1579 199
1580 271
1581 119
1582 64
1583 430
1584 105
1585 96
1586 171
1587 100
1588 61
1589 137
1590 85
1591 157
1592 144
1593 422
1594 191
1595 137
1596 256
1597 101
1598 182
1599 100
1600 109
1601 75
1602 84
1603 124
1604 153
1605 73
1606 75
1607 204
1608 264
1609 219
1610 182
1611 79
1612 92
1613 75
1614 101
1615 161
1616 291
1617 152
1618 404
1619 335
1620 347
1621 745
1622 292
1623 329
1624 76
1625 325
1626 171
1627 369
1628 383
1629 307
1630 583
1631 415
1632 234
1633 614
1634 145
1635 293
1636 146
1637 79
1638 241
1639 66
1640 79
1641 58
1642 77
1643 235
1644 626
1645 139
1646 488
1647 700
1648 313
1649 139
1650 126
1651 183
1652 73
1653 72
1654 73
1655 56
1656 52
1657 542
1658 251
1659 439
1660 415
1661 326
1662 148
1663 701
1664 124
1665 129
1666 79
1667 77
1668 66
1669 71
1670 73
1671 535
1672 434
1673 322
1674 311
1675 356
1676 90
1677 134
1678 86
1679 180
1680 76
1681 227
1682 306
1683 501
1684 52
1685 85
1686 68
1687 70
1688 94
1689 66
1690 68
1691 158
1692 109
1693 402
1694 795
1695 459
1696 234
1697 191
1698 169
1699 167
1700 65
1701 71
1702 62
1703 98
1704 81
1705 79
1706 621
1707 104
1708 128
1709 113
1710 165
1711 256
1712 52
1713 180
1714 283
1715 349
1716 114
1717 427
1718 190
1719 287
1720 62
1721 114
1722 512
1723 601
1724 422
1725 429
1726 197
1727 745
1728 173
1729 124
1730 254
1731 360
1732 495
1733 98
1734 458
1735 139
1736 143
1737 68
1738 220
1739 203
1740 230
1741 291
1742 493
1743 197
1744 317
1745 201
1746 351
1747 229
1748 286
1749 98
1750 99
1751 313
1752 386
1753 388
1754 671
1755 216
1756 348
1757 262
1758 101
1759 81
1760 83
1761 70
1762 70
1763 83
1764 116
1765 92
1766 186
1767 77
1768 261
1769 336
1770 373
1771 505
1772 390
1773 429
1774 58
1775 95
1776 66
1777 62
1778 62
1779 62
1780 88
1781 218
1782 681
1783 414
1784 457
1785 625
1786 623
1787 300
1788 556
1789 256
1790 81
1791 75
1792 71
1793 66
1794 160
1795 362
1796 414
1797 442
1798 371
1799 412
1800 705
1801 208
1802 955
1803 920
1804 572
1805 156
1806 56
1807 81
1808 66
1809 100
1810 79
1811 459
1812 684
1813 206
1814 330
1815 380
1816 281
1817 216
1818 250
1819 224
1820 173
1821 83
1822 122
1823 203
1824 102
1825 156
1826 476
1827 73
1828 233
1829 233
1830 1576
1831 159
1832 672
1833 656
1834 576
1835 246
1836 1471
1837 464
1838 728
1839 957
1840 1443
1841 1535
1842 424
1843 218
1844 69
1845 178
1846 72
1847 68
1848 62
1849 64
1850 64
1851 126
1852 200
1853 172
1854 2152
1855 1019
1856 994
1857 1481
1858 483
1859 1866
1860 284
1861 62
1862 81
1863 66
1864 89
1865 74
1866 62
1867 69
1868 62
1869 214
1870 164
1871 1366
1872 376
1873 911
1874 1320
1875 879
1876 1560
1877 79
1878 128
1879 87
1880 64
1881 92
1882 58
1883 96
1884 69
1885 85
1886 329
1887 325
1888 356
1889 293
1890 896
1891 111
1892 58
1893 136
1894 70
1895 58
1896 76
1897 80
1898 207
1899 75
1900 389
1901 2376
1902 3662
1903 4903
1904 401
1905 128
1906 117
1907 70
1908 56
1909 123
1910 83
1911 58
1912 56
1913 98
1914 249
1915 1503
1916 385
1917 2181
1918 2467
1919 2881
1920 4439
1921 1520
1922 183
1923 85
1924 130
1925 64
1926 96
1927 77
1928 85
1929 68
1930 84
1931 917
1932 85
1933 1765
1934 282
1935 68
1936 1050
1937 605
1938 204
1939 167
1940 231
1941 126
1942 207
1943 68
1944 240
1945 160
1946 735
0 30
1 38
2 28
3 30
4 32
5 38
6 34
7 36
8 34
9 38
10 36
11 32
12 38
13 42
14 52
15 32
16 40
17 50
18 56
19 44
20 24
21 42
22 40
23 22
24 38
25 36
26 26
27 30
28 42
29 36
30 26
31 32
32 24
33 28
34 36
35 38
36 44
37 48
38 34
39 22
40 36
41 38
42 36
43 36
44 48
45 30
46 40
47 24
48 28
49 36
50 24
51 38
52 38
53 40
54 42
55 44
56 22
57 26
58 36
59 34
60 36
61 38
62 36
63 34
64 38
65 34
66 22
67 30
68 53
69 34
70 34
71 55
72 30
73 34
74 40
75 34
76 26
77 30
78 36
79 22
80 36
81 40
82 40
83 32
84 42
85 42
86 48
87 32
88 28
89 18
90 48
91 30
92 22
93 30
94 32
95 30
96 34
97 50
98 36
99 22
100 26
101 28
102 36
103 38
104 28
105 36
106 30
107 44
108 48
109 36
110 46
111 38
112 48
113 32
114 34
115 26
116 34
117 48
118 32
119 38
120 24
121 22
122 38
123 30
124 52
125 32
126 40
127 44
128 34
129 38
130 28
131 40
132 30
133 28
134 28
135 46
136 30
137 36
138 32
139 28
140 30
141 36
142 36
143 38
144 44
145 30
146 40
147 34
148 30
149 42
150 28
151 48
152 34
153 36
154 40
155 28
156 20
157 34
158 26
159 28
160 34
161 36
162 52
163 34
164 30
165 38
166 52
167 30
168 32
169 24
170 24
171 32
172 26
173 26
174 34
175 36
176 28
177 32
178 34
179 28
180 36
181 36
182 44
183 52
184 36
185 30
186 46
187 42
188 26
189 28
190 26
191 34
192 26
193 39
194 28
195 42
196 42
197 24
198 50
199 32
200 28
201 36
202 34
203 26
204 32
205 36
206 32
207 32
208 36
209 42
210 18
211 42
212 32
213 24
214 38
215 38
216 26
217 28
218 44
219 26
220 42
221 42
222 34
223 46
224 30
225 42
226 28
227 32
228 40
229 20
230 26
231 28
232 24
233 38
234 28
235 36
236 34
237 28
238 28
239 38
240 36
241 36
242 34
243 32
244 36
245 36
246 55
247 42
248 46
249 40
250 36
251 36
252 32
253 32
254 26
255 28
256 26
257 36
258 44
259 40
260 44
261 22
262 30
263 30
264 32
265 32
266 44
267 44
268 38
269 32
270 32
271 34
272 36
273 20
274 26
275 48
276 40
277 32
278 38
279 36
280 22
281 54
282 32
283 32
284 48
285 36
286 26
287 32
288 56
289 50
290 36
291 26
292 28
293 40
294 54
295 24
296 30
297 56
298 34
299 24
300 34
301 38
302 20
303 30
304 26
305 46
306 30
307 24
308 30
309 30
310 36
311 40
312 44
313 40
314 36
315 32
316 30
317 40
318 38
319 38
320 32
321 32
322 55
323 32
324 38
325 40
326 50
327 30
328 26
329 34
330 48
331 44
332 58
333 40
334 36
335 30
336 24
337 30
338 34
339 54
340 38
341 20
342 34
343 44
344 26
345 52
346 50
347 38
348 40
349 48
350 42
351 28
352 32
353 38
354 36
355 28
356 34
357 34
358 30
359 38
360 34
361 24
362 58
363 50
364 30
365 38
366 34
367 32
368 38
369 34
370 34
371 38
372 40
373 24
374 42
375 32
376 38
377 34
378 32
379 32
380 47
381 32
382 46
383 38
384 28
385 22
386 40
387 50
388 40
389 40
390 49
391 40
392 44
393 34
394 42
395 30
396 38
397 63
398 45
399 28
400 50
401 34
402 44
403 50
404 54
405 107
406 34
407 40
408 48
409 36
410 34
411 65
412 54
413 54
414 44
415 56
416 46
417 54
418 44
419 32
420 32
421 42
422 48
423 40
424 40
425 40
426 60
427 42
428 44
429 34
430 50
431 52
432 52
433 40
434 22
435 42
436 48
437 44
438 30
439 38
440 46
441 40
442 36
443 40
444 36
445 30
446 52
447 42
448 54
449 57
450 38
451 20
452 52
453 52
454 18
455 26
456 52
457 34
458 46
459 71
460 38
461 40
462 26
463 50
464 55
465 48
466 48
467 52
468 62
469 44
470 51
471 32
472 42
473 46
474 34
475 40
476 44
477 51
478 50
479 52
480 38
481 73
482 50
483 38
484 32
485 63
486 50
487 36
488 36
489 48
490 44
491 30
492 42
493 46
494 46
495 58
496 46
497 36
498 20
499 48
500 58
501 42
502 48
503 63
504 30
505 54
506 40
507 54
508 48
509 48
510 40
511 50
512 73
513 54
514 50
515 82
516 38
517 40
518 42
519 46
520 50
521 40
522 50
523 52
524 40
525 48
526 54
527 73
528 36
529 76
530 38
531 69
532 44
533 59
534 48
535 38
536 99
537 48
538 34
539 44
540 56
541 54
542 36
543 48
544 65
545 78
546 67
547 48
548 55
549 61
550 71
551 69
552 75
553 52
554 46
555 48
556 62
557 44
558 44
559 50
560 56
561 101
562 34
563 77
564 26
565 45
566 67
567 54
568 77
569 57
570 51
571 50
572 62
573 61
574 32
575 44
576 46
577 36
578 40
579 30
580 70
581 42
582 46
583 56
584 53
585 48
586 34
587 44
588 73
589 69
590 60
591 26
592 40
593 58
594 34
595 34
596 47
597 72
598 40
599 103
600 44
601 50
602 52
603 36
604 48
605 121
606 71
607 40
608 58
609 40
610 50
611 40
612 69
613 44
614 44
615 42
616 129
617 67
618 60
619 129
620 50
621 59
622 69
623 42
624 59
625 57
626 63
627 44
628 107
629 48
630 64
631 28
632 34
633 60
634 56
635 73
636 54
637 73
638 52
639 76
640 54
641 70
642 72
643 71
644 51
645 58
646 54
647 73
648 24
649 57
650 79
651 58
652 71
653 40
654 52
655 52
656 38
657 62
658 58
659 63
660 54
661 82
662 52
663 72
664 34
665 69
666 38
667 48
668 75
669 46
670 82
671 32
672 50
673 50
674 50
675 67
676 62
677 58
678 50
679 48
680 56
681 69
682 69
683 56
684 58
685 52
686 69
687 82
688 118
689 58
690 46
691 67
692 38
693 60
694 40
695 50
696 32
697 48
698 73
699 58
700 75
701 44
702 71
703 42
704 57
705 22
706 52
707 93
708 59
709 65
710 52
711 44
712 62
713 46
714 60
715 56
716 54
717 77
718 71
719 75
720 74
721 59
722 46
723 70
724 57
725 46
726 71
727 39
728 71
729 46
730 67
731 36
732 84
733 48
734 73
735 53
736 52
737 48
738 68
739 58
740 81
741 59
742 114
743 36
744 38
745 60
746 62
747 76
748 73
749 57
750 44
751 82
752 67
753 56
754 90
755 44
756 75
757 50
758 36
759 69
760 20
761 63
762 133
763 86
764 34
765 54
766 67
767 61
768 54
769 71
770 75
771 54
772 138
773 60
774 97
775 95
776 69
777 97
778 73
779 46
780 76
781 54
782 38
783 42
784 51
785 124
786 42
787 40
788 50
789 77
790 50
791 79
792 66
793 81
794 73
795 70
796 60
797 124
798 66
799 50
800 77
801 62
802 56
803 79
804 71
805 85
806 93
807 87
808 75
809 60
810 71
811 58
812 65
813 101
814 62
815 130
816 60
817 61
818 67
819 67
820 65
821 62
822 65
823 97
824 52
825 50
826 149
827 60
828 110
829 58
830 30
831 52
832 58
833 77
834 50
835 76
836 75
837 96
838 52
839 91
840 58
841 77
842 101
843 69
844 75
845 73
846 98
847 106
848 58
849 93
850 50
851 86
852 42
853 58
854 78
855 84
856 56
857 79
858 82
859 66
860 80
861 56
862 86
863 90
864 122
865 107
866 58
867 66
868 111
869 84
870 44
871 90
872 46
873 73
874 120
875 42
876 75
877 73
878 56
879 69
880 115
881 71
882 163
883 94
884 56
885 52
886 75
887 56
888 52
889 96
890 87
891 73
892 71
893 46
894 109
895 146
896 67
897 62
898 58
899 79
900 112
901 52
902 46
903 70
904 122
905 65
906 52
907 67
908 109
909 58
910 140
911 71
912 116
913 86
914 90
915 50
916 157
917 78
918 96
919 103
920 83
921 62
922 94
923 52
924 73
925 114
926 80
927 82
928 111
929 97
930 107
931 79
932 113
933 96
934 52
935 62
936 50
937 84
938 92
939 140
940 46
941 61
942 82
943 150
944 61
945 56
946 36
947 59
948 64
949 188
950 82
951 54
952 63
953 56
954 56
955 71
956 50
957 135
958 66
959 60
960 88
961 107
962 75
963 55
964 120
965 58
966 32
967 107
968 105
969 239
970 56
971 88
972 73
973 114
974 83
975 64
976 195
977 118
978 101
979 73
980 67
981 77
982 66
983 112
984 88
985 83
986 97
987 103
988 73
989 50
990 143
991 114
992 50
993 97
994 56
995 60
996 48
997 56
998 86
999 203
1000 75
1001 90
1002 107
1003 124
1004 88
1005 101
1006 70
1007 96
1008 79
1009 173
1010 191
1011 75
1012 107
1013 107
1014 73
1015 66
1016 92
1017 73
1018 127
1019 76
1020 125
1021 93
1022 109
1023 56
1024 48
1025 69
1026 64
1027 48
1028 84
1029 67
1030 78
1031 136
1032 128
1033 44
1034 161
1035 148
1036 131
1037 133
1038 112
1039 133
1040 265
1041 78
1042 120
1043 154
1044 190
1045 152
1046 129
1047 148
1048 99
1049 169
1050 139
1051 148
1052 96
1053 159
1054 75
1055 293
1056 101
1057 133
1058 90
1059 169
1060 110
1061 58
1062 118
1063 94
1064 107
1065 75
1066 75
1067 90
1068 109
1069 113
1070 118
1071 81
1072 48
1073 105
1074 146
1075 134
1076 210
1077 107
1078 79
1079 56
1080 126
1081 60
1082 124
1083 81
1084 68
1085 123
1086 50
1087 126
1088 135
1089 68
1090 116
1091 86
1092 95
1093 62
1094 129
1095 133
1096 135
1097 144
1098 234
1099 71
1100 52
1101 98
1102 94
1103 64
1104 56
1105 212
1106 82
1107 284
1108 107
1109 40
1110 60
1111 69
1112 52
1113 54
1114 50
1115 110
1116 212
1117 195
1118 129
1119 124
1120 148
1121 229
1122 73
1123 160
1124 115
1125 62
1126 231
1127 124
1128 223
1129 241
1130 98
1131 210
1132 114
1133 84
1134 381
1135 123
1136 74
1137 183
1138 120
1139 154
1140 110
1141 84
1142 131
1143 57
1144 112
1145 42
1146 116
1147 84
1148 174
1149 262
1150 58
1151 64
1152 139
1153 124
1154 185
1155 101
1156 189
1157 61
1158 96
1159 169
1160 59
1161 70
1162 67
1163 56
1164 42
1165 182
1166 182
1167 106
1168 99
1169 58
1170 48
1171 108
1172 122
1173 148
1174 69
1175 105
1176 110
1177 217
1178 107
1179 300
1180 97
1181 118
1182 191
1183 59
1184 92
1185 90
1186 94
1187 50
1188 219
1189 96
1190 72
1191 114
1192 129
1193 150
1194 201
1195 129
1196 156
1197 60
1198 81
1199 77
1200 79
1201 281
1202 139
1203 189
1204 167
1205 585
1206 120
1207 317
1208 100
1209 98
1210 128
1211 448
1212 131
1213 85
1214 317
1215 144
1216 84
1217 232
1218 154
1219 107
1220 296
1221 65
1222 62
1223 118
1224 251
1225 65
1226 181
1227 146
1228 44
1229 75
1230 67
1231 86
1232 80
1233 109
1234 290
1235 304
1236 86
1237 50
1238 229
1239 133
1240 129
1241 193
1242 129
1243 82
1244 180
1245 157
1246 105
1247 139
1248 114
1249 169
1250 152
1251 163
1252 240
1253 213
1254 174
1255 208
1256 169
1257 237
1258 206
1259 498
1260 208
1261 201
1262 340
1263 281
1264 221
1265 306
1266 313
1267 163
1268 538
1269 239
1270 122
1271 120
1272 133
1273 205
1274 232
1275 247
1276 176
1277 155
1278 110
1279 313
1280 148
1281 231
1282 206
1283 217
1284 328
1285 406
1286 135
1287 115
1288 52
1289 73
1290 154
1291 116
1292 226
1293 193
1294 362
1295 425
1296 94
1297 187
1298 454
1299 320
1300 139
1301 163
1302 63
1303 71
1304 111
1305 370
1306 81
1307 132
1308 387
1309 146
1310 636
1311 122
1312 193
1313 185
1314 58
1315 293
1316 572
1317 216
1318 285
1319 204
1320 671
1321 257
1322 135
1323 310
1324 394
1325 135
1326 255
1327 54
1328 107
1329 101
1330 160
1331 202
1332 150
1333 392
1334 136
1335 208
1336 56
1337 56
1338 54
1339 62
1340 64
1341 66
1342 60
1343 199
1344 281
1345 397
1346 417
1347 496
1348 246
1349 103
1350 145
1351 245
1352 132
1353 678
1354 447
1355 1064
1356 487
1357 291
1358 489
1359 284
1360 148
1361 486
1362 66
1363 64
1364 42
1365 197
1366 229
1367 169
1368 171
1369 178
1370 69
1371 60
1372 109
1373 552
1374 505
1375 365
1376 640
1377 86
1378 109
1379 81
1380 414
1381 588
1382 1341
1383 319
1384 597
1385 612
1386 412
1387 1046
1388 316
1389 681
1390 138
1391 137
1392 196
1393 300
1394 906
1395 508
1396 214
1397 371
1398 124
1399 629
1400 50
1401 58
1402 50
1403 108
1404 135
1405 126
1406 236
1407 69
1408 54
1409 107
1410 196
1411 781
1412 866
1413 1340
1414 839
1415 3108
1416 487
1417 70
1418 50
1419 98
1420 120
1421 68
1422 102
1423 58
1424 48
1425 174
1426 64
1427 70
1428 302
1429 67
1430 78
1431 75
1432 66
1433 66
1434 181
1435 706
1436 1850
1437 443
1438 2955
1439 664
1440 885
1441 269
1442 136
1443 62
1444 52
1445 56
1446 91
1447 152
1448 122
1449 1049
1450 744
1451 2203
1452 2358
1453 1605
1454 1122
1455 60
1456 88
1457 54
1458 68
1459 634
1460 83
1461 1385
1462 2493
1463 4444
1464 90
1465 214
1466 143
1467 320
1468 115
1469 121
1470 73
1471 242
1472 115
1473 60
1474 453
1475 96
1476 77
1477 158
1478 431
1479 119
1480 70
1481 67
1482 68
1483 48
1484 62
1485 60
1486 79
1487 127
1488 123
1489 860
1490 390
1491 164
1492 77
1493 87
1494 116
1495 66
1496 224
1497 148
1498 473
1499 205
1500 800
1501 1058
1502 893
1503 1605
1504 5672
1505 115
1506 102
1507 152
1508 74
1509 81
1510 152
1511 349
1512 75
1513 283
1514 78
1515 139
1516 83
1517 102
1518 96
1519 88
1520 79
1521 119
1522 413
1523 438
1524 464
1525 636
1526 4402
1527 8493
1528 291
1529 70
1530 239
1531 90
1532 158
1533 56
1534 68
1535 70
1536 56
1537 70
1538 159
1539 76
1540 100
1541 218
1542 261
1543 1602
1544 3747
1545 4992
1546 4026
1547 650
1548 85
1549 111
1550 184
1551 73
1552 104
1553 119
1554 11510
1555 12963
1556 559
1557 205
1558 77
1559 83
1560 71
1561 60
1562 56
1563 79
1564 283
1565 70
1566 64
1567 79
1568 87
0 40
1 44
2 34
3 26
4 44
5 30
6 36
7 40
8 40
9 44
10 32
11 32
12 38
13 22
14 36
15 40
16 46
17 32
18 32
19 40
20 44
21 32
22 36
23 34
24 42
25 32
26 34
27 34
28 26
29 32
30 28
31 46
32 44
33 46
34 44
35 36
36 40
37 38
38 32
39 36
40 44
41 44
42 30
43 40
44 44
45 40
46 28
47 40
48 28
49 44
50 46
51 36
0 40
1 28
2 42
3 34
4 34
5 38
6 34
7 40
8 38
9 30
10 28
11 30
12 32
13 32
14 36
15 44
16 42
17 42
18 28
19 38
20 36
21 30
22 32
23 44
24 40
25 42
26 46
27 36
28 28
29 36
30 26
31 34
32 30
33 36
34 26
35 44
36 26
37 38
38 36
39 28
40 38
41 34
42 44
43 48
44 40
45 32
46 38
47 30
48 42
49 36
50 36
51 52
52 44
53 38
54 34
55 40
56 34
57 30
58 26
59 38
60 38
61 46
62 32
63 28
64 36
65 44
66 50
67 42
68 42
69 30
70 34
71 42
72 44
73 44
74 32
75 40
76 46
77 38
78 48
79 50
80 40
81 40
82 67
83 24
84 40
85 24
86 34
87 40
88 26
89 32
90 36
91 24
92 38
93 44
94 38
95 40
96 44
97 32
98 36
99 38
100 38
101 40
102 38
103 42
104 22
105 28
106 36
107 30
108 28
109 38
110 36
111 32
112 30
113 38
114 42
115 32
116 30
117 32
118 38
119 28
120 57
121 40
122 32
123 28
124 46
125 36
126 34
127 22
128 34
129 28
130 44
131 38
132 44
133 30
134 40
135 28
136 42
137 26
138 38
139 34
140 30
141 38
142 36
143 26
144 42
145 50
146 42
147 42
148 32
149 44
150 28
151 32
152 34
153 38
154 34
155 28
156 38
157 38
158 28
159 34
160 24
161 28
162 26
163 40
164 38
165 26
166 55
167 36
168 36
169 38
170 28
171 42
172 44
173 24
174 46
175 30
176 44
177 44
178 42
179 59
180 48
181 30
182 46
183 36
184 34
185 40
186 24
187 32
188 48
189 34
190 38
191 18
192 40
193 30
194 28
195 42
196 30
197 36
198 34
199 32
200 30
201 36
202 36
203 24
204 36
205 32
206 34
207 28
208 34
209 40
210 46
211 28
212 28
213 30
214 28
215 28
216 36
217 28
218 36
219 28
220 52
221 26
222 30
223 34
224 36
225 26
226 26
227 32
228 36
229 32
230 40
231 32
232 40
233 28
234 26
235 32
236 36
237 40
238 34
239 38
240 44
241 42
242 32
243 36
244 34
245 50
246 40
247 36
248 28
249 38
250 30
251 30
252 30
253 34
254 50
255 36
256 32
257 42
258 24
259 34
260 44
261 20
262 24
263 32
264 34
265 44
266 40
267 36
268 36
269 36
270 26
271 38
272 34
273 32
274 30
275 34
276 26
277 44
278 20
279 40
280 44
281 42
282 38
283 44
284 38
285 34
286 32
287 34
288 28
289 40
290 34
291 38
292 30
293 44
294 42
295 32
296 50
297 30
298 34
299 38
300 28
301 26
302 38
303 38
304 26
305 36
306 40
307 42
308 22
309 40
310 40
311 32
312 32
313 34
314 22
315 30
316 40
317 28
318 42
319 34
320 36
321 26
322 40
323 30
324 36
325 38
326 34
327 28
328 34
329 48
330 32
331 20
332 46
333 36
334 38
335 38
336 61
337 42
338 49
339 50
340 30
341 42
342 38
343 46
344 59
345 44
346 30
347 38
348 34
349 30
350 42
351 42
352 22
353 40
354 52
355 32
356 34
357 46
358 22
359 38
360 42
361 38
362 54
363 36
364 50
365 38
366 40
367 44
368 44
369 42
370 34
371 30
372 36
373 36
374 40
375 36
376 58
377 34
378 40
379 42
380 46
381 38
382 52
383 38
384 34
385 38
386 54
387 46
388 40
389 34
390 46
391 42
392 52
393 30
394 42
395 44
396 38
397 30
398 44
399 44
400 40
401 42
402 38
403 44
404 42
405 36
406 41
407 28
408 47
409 36
410 40
411 28
412 52
413 44
414 34
415 56
416 46
417 26
418 32
419 34
420 38
421 42
422 26
423 36
424 40
425 40
426 40
427 40
428 48
429 64
430 34
431 60
432 50
433 42
434 58
435 46
436 40
437 38
438 28
439 75
440 40
441 38
442 36
443 22
444 58
445 28
446 26
447 50
448 48
449 44
450 36
451 48
452 56
453 32
454 52
455 38
456 18
457 38
458 38
459 71
460 26
461 46
462 28
463 38
464 28
465 28
466 34
467 20
468 34
469 34
470 40
471 46
472 38
473 50
474 42
475 28
476 28
477 28
478 42
479 34
480 32
481 46
482 47
483 34
484 34
485 28
486 46
487 52
488 48
489 38
490 42
491 34
492 65
493 34
494 42
495 44
496 54
497 26
498 56
499 30
500 46
501 32
502 40
503 64
504 42
505 44
506 44
507 44
508 46
509 48
510 50
511 34
512 42
513 48
514 32
515 54
516 42
517 58
518 44
519 61
520 48
521 30
522 30
523 44
524 61
525 50
526 46
527 42
528 51
529 50
530 54
531 48
532 59
533 51
534 42
535 26
536 46
537 40
538 52
539 69
540 44
541 71
542 38
543 56
544 30
545 38
546 50
547 67
548 36
549 40
550 36
551 38
552 34
553 40
554 38
555 44
556 67
557 52
558 46
559 50
560 44
561 54
562 46
563 48
564 48
565 44
566 86
567 44
568 50
569 71
570 54
571 26
572 42
573 63
574 34
575 32
576 52
577 40
578 38
579 44
580 48
581 61
582 53
583 53
584 59
585 34
586 54
587 44
588 71
589 48
590 62
591 44
592 52
593 32
594 48
595 61
596 52
597 52
598 50
599 51
600 48
601 54
602 51
603 36
604 48
605 74
606 65
607 65
608 42
609 42
610 42
611 34
612 43
613 68
614 26
615 36
616 88
617 50
618 57
619 71
620 63
621 51
622 46
623 65
624 48
625 56
626 73
627 56
628 63
629 71
630 42
631 46
632 40
633 44
634 49
635 40
636 65
637 66
638 50
639 46
640 44
641 62
642 97
643 91
644 97
645 75
646 40
647 34
648 36
649 46
650 50
651 50
652 76
653 42
654 52
655 42
656 54
657 59
658 56
659 48
660 53
661 50
662 40
663 46
664 46
665 50
666 64
667 133
668 38
669 50
670 55
671 60
672 30
673 58
674 34
675 50
676 68
677 52
678 97
679 84
680 50
681 38
682 75
683 28
684 68
685 65
686 62
687 38
688 50
689 46
690 50
691 82
692 38
693 54
694 54
695 56
696 50
697 52
698 42
699 52
700 112
701 60
702 67
703 55
704 60
705 54
706 91
707 58
708 67
709 55
710 44
711 54
712 77
713 62
714 80
715 24
716 75
717 50
718 38
719 40
720 48
721 48
722 38
723 52
724 75
725 118
726 57
727 40
728 60
729 58
730 52
731 60
732 104
733 79
734 52
735 48
736 51
737 40
738 69
739 59
740 44
741 71
742 71
743 82
744 28
745 46
746 40
747 91
748 52
749 146
750 90
751 133
752 62
753 46
754 76
755 82
756 65
757 63
758 63
759 54
760 83
761 118
762 54
763 58
764 44
765 50
766 77
767 62
768 79
769 48
770 62
771 26
772 48
773 64
774 83
775 56
776 40
777 50
778 66
779 107
780 78
781 73
782 58
783 75
784 86
785 63
786 71
787 124
788 90
789 75
790 42
791 55
792 52
793 46
794 59
795 125
796 40
797 97
798 86
799 98
800 62
801 82
802 73
803 79
804 48
805 58
806 77
807 80
808 44
809 92
810 64
811 64
812 42
813 86
814 46
815 44
816 73
817 58
818 52
819 58
820 65
821 61
822 81
823 42
824 60
825 67
826 92
827 46
828 96
829 88
830 104
831 109
832 52
833 42
834 40
835 58
836 46
837 120
838 48
839 58
840 90
841 64
842 44
843 75
844 80
845 64
846 60
847 52
848 101
849 56
850 75
851 79
852 48
853 52
854 63
855 73
856 44
857 58
858 46
859 65
860 56
861 65
862 50
863 69
864 95
865 62
866 54
867 84
868 126
869 48
870 50
871 38
872 83
873 94
874 48
875 109
876 238
877 69
878 171
879 73
880 48
881 62
882 50
883 50
884 46
885 48
886 52
887 86
888 172
889 36
890 48
891 57
892 88
893 100
894 97
895 68
896 63
897 93
898 69
899 71
900 82
901 74
902 54
903 56
904 120
905 60
906 63
907 67
908 101
909 69
910 108
911 60
912 64
913 68
914 155
915 161
916 86
917 40
918 44
919 48
920 105
921 67
922 38
923 73
924 69
925 56
926 52
927 77
928 82
929 46
930 97
931 54
932 69
933 57
934 69
935 48
936 108
937 69
938 86
939 96
940 67
941 42
942 83
943 71
944 46
945 189
946 65
947 72
948 95
949 59
950 44
951 118
952 131
953 56
954 54
955 99
956 67
957 58
958 58
959 71
960 69
961 50
962 73
963 44
964 46
965 88
966 95
967 112
968 89
969 48
970 60
971 75
972 89
973 92
974 180
975 84
976 65
977 28
978 166
979 65
980 58
981 42
982 62
983 50
984 70
985 97
986 111
987 94
988 60
989 46
990 69
991 154
992 64
993 75
994 122
995 73
996 65
997 50
998 71
999 64
1000 64
1001 65
1002 71
1003 76
1004 81
1005 93
1006 188
1007 62
1008 46
1009 56
1010 52
1011 77
1012 77
1013 58
1014 150
1015 50
1016 92
1017 137
1018 61
1019 114
1020 75
1021 77
1022 81
1023 127
1024 116
1025 165
1026 71
1027 61
1028 50
1029 109
1030 92
1031 60
1032 135
1033 62
1034 56
1035 77
1036 87
1037 59
1038 197
1039 120
1040 152
1041 133
1042 77
1043 91
1044 107
1045 63
1046 109
1047 86
1048 125
1049 86
1050 208
1051 190
1052 86
1053 167
1054 79
1055 108
1056 146
1057 53
1058 54
1059 150
1060 106
1061 42
1062 81
1063 110
1064 54
1065 83
1066 40
1067 90
1068 154
1069 97
1070 135
1071 92
1072 66
1073 152
1074 75
1075 54
1076 57
1077 101
1078 73
1079 68
1080 114
1081 133
1082 81
1083 222
1084 152
1085 50
1086 50
1087 112
1088 80
1089 139
1090 118
1091 130
1092 238
1093 62
1094 127
1095 62
1096 83
1097 60
1098 67
1099 69
1100 50
1101 162
1102 104
1103 56
1104 158
1105 86
1106 68
1107 137
1108 92
1109 131
1110 64
1111 112
1112 119
1113 51
1114 151
1115 92
1116 65
1117 44
1118 68
1119 174
1120 150
1121 111
1122 69
1123 131
1124 126
1125 115
1126 81
1127 71
1128 60
1129 66
1130 50
1131 86
1132 48
1133 36
1134 81
1135 63
1136 61
1137 54
1138 60
1139 62
1140 58
1141 91
1142 58
1143 92
1144 109
1145 87
1146 113
1147 73
1148 88
1149 77
1150 48
1151 60
1152 124
1153 113
1154 111
1155 64
1156 81
1157 112
1158 73
1159 167
1160 100
1161 56
1162 83
1163 98
1164 58
1165 93
1166 135
1167 95
1168 58
1169 173
1170 82
1171 204
1172 50
1173 109
1174 156
1175 94
1176 184
1177 239
1178 268
1179 78
1180 92
1181 111
1182 88
1183 165
1184 240
1185 160
1186 46
1187 120
1188 127
1189 137
1190 73
1191 84
1192 86
1193 135
1194 48
1195 69
1196 107
1197 197
1198 30
1199 84
1200 60
1201 46
1202 88
1203 81
1204 133
1205 122
1206 114
1207 52
1208 120
1209 69
1210 321
1211 92
1212 52
1213 52
1214 79
1215 67
1216 90
1217 250
1218 94
1219 229
1220 197
1221 233
1222 62
1223 42
1224 58
1225 50
1226 56
1227 61
1228 253
1229 152
1230 139
1231 61
1232 145
1233 112
1234 77
1235 90
1236 103
1237 100
1238 74
1239 72
1240 145
1241 75
1242 218
1243 69
1244 88
1245 75
1246 90
1247 52
1248 54
1249 206
1250 154
1251 165
1252 104
1253 81
1254 146
1255 68
1256 50
1257 64
1258 71
1259 156
1260 95
1261 133
1262 96
1263 180
1264 263
1265 239
1266 238
1267 139
0 42
1 32
2 30
3 24
4 36
5 44
6 40
7 36
8 50
9 42
10 30
11 48
12 38
13 50
14 32
15 24
16 26
17 40
18 36
19 40
20 34
21 36
22 48
23 36
24 36
25 22
26 46
27 22
28 30
29 36
30 20
31 38
32 59
33 38
34 28
35 30
36 48
37 38
38 30
39 32
40 42
41 30
42 22
43 36
44 46
45 30
46 34
47 32
48 34
49 38
50 28
51 38
52 28
53 34
54 40
55 32
56 36
57 42
58 24
59 36
60 26
61 50
62 28
63 30
64 38
65 40
66 34
67 34
68 44
69 36
70 36
71 36
72 42
73 30
74 32
75 44
76 40
77 34
78 32
79 44
80 28
81 54
82 26
83 38
84 57
85 22
86 34
87 26
88 34
89 26
90 28
91 38
92 42
93 38
94 44
95 34
96 34
97 38
98 38
99 38
100 28
101 34
102 42
103 24
104 46
105 26
106 36
107 38
108 46
109 36
110 30
111 26
112 42
113 42
114 42
115 28
116 52
117 34
118 46
119 40
120 42
121 42
122 38
123 50
124 44
125 34
126 32
127 26
128 30
129 36
130 26
131 53
132 28
133 50
134 30
135 34
136 36
137 46
138 38
139 46
140 32
141 34
142 36
143 44
144 36
145 28
146 34
147 20
148 30
149 30
150 38
151 30
152 36
153 44
154 50
155 34
156 40
157 28
158 46
159 26
160 28
161 40
162 36
163 24
164 30
165 28
166 53
167 44
168 34
169 34
170 36
171 36
172 42
173 40
174 30
175 38
176 38
177 44
178 40
179 42
180 34
181 34
182 32
183 44
184 36
185 28
186 38
187 38
188 32
189 28
190 30
191 28
192 30
193 46
194 36
195 50
196 36
197 34
198 34
199 28
200 26
201 36
202 26
203 30
204 30
205 38
206 24
207 34
208 34
209 38
210 22
211 28
212 40
213 34
214 44
215 32
216 44
217 36
218 40
219 34
220 36
221 28
222 28
223 24
224 34
225 28
226 36
227 36
228 24
229 24
230 44
231 26
232 42
233 55
234 30
235 26
236 28
237 38
238 40
239 36
240 32
241 36
242 38
243 46
244 28
245 26
246 28
247 38
248 34
249 50
250 38
251 44
252 38
253 34
254 32
255 36
256 32
257 34
258 40
259 34
260 38
261 28
262 32
263 30
264 34
265 48
266 46
267 42
268 34
269 40
270 34
271 26
272 40
273 34
274 38
275 28
276 28
277 30
278 38
279 38
280 30
281 42
282 50
283 36
284 34
285 38
286 40
287 36
288 36
289 38
290 26
291 34
292 38
293 38
294 40
295 32
296 34
297 36
298 32
299 28
300 38
301 38
302 34
303 44
304 40
305 40
306 38
307 44
308 34
309 42
310 36
311 24
312 26
313 42
314 38
315 38
316 30
317 28
318 34
319 30
320 32
321 40
322 18
323 20
324 46
325 36
326 34
327 48
328 24
329 30
330 30
331 38
332 50
333 42
334 30
335 28
336 26
337 42
338 30
339 32
340 24
341 44
342 38
343 36
344 46
345 30
346 28
347 38
348 26
349 32
350 38
351 24
352 46
353 44
354 38
355 46
356 24
357 36
358 42
359 32
360 26
361 34
362 40
363 40
364 42
365 34
366 42
367 54
368 38
369 38
370 42
371 42
372 30
373 34
374 54
375 32
376 55
377 34
378 26
379 30
380 50
381 54
382 30
383 26
384 22
385 24
386 40
387 22
388 32
389 40
390 28
391 24
392 32
393 40
394 44
395 30
396 42
397 32
398 36
399 32
400 30
401 38
402 52
403 46
404 24
405 46
406 42
407 38
408 30
409 45
410 50
411 32
412 24
413 36
414 36
415 32
416 28
417 22
418 40
419 38
420 46
421 42
422 38
423 46
424 38
425 26
426 42
427 30
428 46
429 38
430 46
431 42
432 38
433 42
434 34
435 48
436 46
437 38
438 38
439 38
440 34
441 46
442 24
443 36
444 34
445 34
446 24
447 28
448 36
449 40
450 54
451 44
452 42
453 38
454 42
455 38
456 44
457 40
458 46
459 40
460 24
461 34
462 34
463 50
464 28
465 42
466 46
467 44
468 50
469 36
470 30
471 30
472 52
473 28
474 61
475 24
476 38
477 38
478 52
479 32
480 40
481 42
482 38
483 32
484 52
485 42
486 67
487 38
488 61
489 40
490 32
491 48
492 40
493 48
494 40
495 48
496 44
497 52
498 52
499 50
500 50
501 77
502 54
503 26
504 38
505 54
506 26
507 26
508 42
509 54
510 48
511 36
512 44
513 34
514 44
515 48
516 26
517 50
518 34
519 36
520 42
521 44
522 44
523 42
524 44
525 38
526 42
527 46
528 48
529 64
530 44
531 34
532 50
533 30
534 52
535 50
536 30
537 48
538 44
539 52
540 32
541 56
542 56
543 32
544 48
545 48
546 30
547 36
548 38
549 32
550 54
551 52
552 34
553 52
554 54
555 48
556 46
557 38
558 61
559 34
560 36
561 38
562 50
563 34
564 40
565 40
566 42
567 42
568 44
569 50
570 52
571 58
572 42
573 40
574 56
575 54
576 46
577 56
578 48
579 38
580 71
581 62
582 36
583 38
584 58
585 44
586 46
587 48
588 30
589 50
590 40
591 56
592 34
593 48
594 42
595 42
596 46
597 50
598 54
599 38
600 48
601 46
602 46
603 40
604 58
605 40
606 38
607 42
608 48
609 44
610 36
611 40
612 48
613 56
614 40
615 55
616 52
617 36
618 42
619 50
620 46
621 52
622 42
623 56
624 32
625 52
626 48
627 59
628 52
629 54
630 28
631 44
632 38
633 32
634 42
635 42
636 42
637 46
638 44
639 46
640 52
641 56
642 61
643 46
644 58
645 50
646 50
647 40
648 46
649 46
650 61
651 40
652 32
653 50
654 42
655 61
656 58
657 50
658 70
659 44
660 57
661 42
662 32
663 42
664 61
665 50
666 42
667 46
668 54
669 56
670 42
671 46
672 52
673 46
674 46
675 72
676 63
677 40
678 69
679 34
680 91
681 38
682 38
683 42
684 44
685 42
686 42
687 42
688 46
689 54
690 44
691 52
692 52
693 48
694 44
695 62
696 58
697 38
698 44
699 36
700 38
701 48
702 34
703 59
704 57
705 54
706 64
707 30
708 57
709 54
710 58
711 42
712 61
713 44
714 46
715 42
716 46
717 38
718 50
719 46
720 54
721 40
722 78
723 40
724 34
725 26
726 44
727 42
728 38
729 46
730 46
731 58
732 59
733 38
734 32
735 24
736 50
737 36
738 54
739 36
740 58
741 48
742 50
743 52
744 69
745 46
746 56
747 52
748 52
749 69
750 48
751 52
752 63
753 69
754 48
755 52
756 50
757 44
758 34
759 46
760 38
761 46
762 67
763 52
764 54
765 42
766 70
767 34
768 62
769 38
770 42
771 46
772 54
773 67
774 44
775 67
776 57
777 73
778 56
779 36
780 40
781 56
782 65
783 85
784 65
785 71
786 54
787 65
788 50
789 61
790 72
791 57
792 61
793 112
794 58
795 69
796 36
797 52
798 67
799 36
800 50
801 60
802 57
803 53
804 46
805 34
806 50
807 58
808 70
809 53
810 52
811 85
812 50
813 62
814 68
815 48
816 56
817 56
818 56
819 42
820 34
821 76
822 54
823 51
824 50
825 56
826 52
827 67
828 59
829 50
830 61
831 61
832 52
833 52
834 59
835 46
836 48
837 90
838 50
839 32
840 76
841 58
842 46
843 40
844 99
845 89
846 71
847 55
848 50
849 56
850 73
851 56
852 90
853 52
854 58
855 46
856 48
857 63
858 63
859 53
860 73
861 81
862 71
863 56
864 44
865 75
866 50
867 86
868 71
869 105
870 48
871 67
872 56
873 40
874 83
875 56
876 44
877 65
878 48
879 30
880 48
881 52
882 79
883 62
884 52
885 62
886 91
887 63
888 80
889 59
890 46
891 50
892 52
893 48
894 53
895 46
896 52
897 139
898 48
899 52
900 52
901 59
902 78
903 63
904 46
905 42
906 46
907 91
908 69
909 57
910 69
911 65
912 57
913 67
914 65
915 50
916 67
917 69
918 46
919 34
920 48
921 61
922 54
923 55
924 48
925 60
926 48
927 52
928 101
929 89
930 52
931 79
932 78
933 63
934 91
935 71
936 66
937 81
938 73
939 59
940 46
941 54
942 89
943 116
944 48
945 62
946 26
947 124
948 42
949 67
950 82
951 58
952 49
953 58
954 76
955 65
956 106
957 56
958 64
959 112
960 78
961 56
962 60
963 55
964 58
965 77
966 67
967 125
968 50
969 44
970 71
971 56
972 89
973 61
974 46
975 65
976 82
977 65
978 50
979 78
980 44
981 65
982 82
983 73
984 67
985 52
986 55
987 67
988 40
989 50
990 67
991 46
992 86
993 56
994 116
995 55
996 61
997 79
998 78
999 61
1000 102
1001 58
1002 219
1003 63
1004 40
1005 75
1006 86
1007 40
1008 58
1009 57
1010 69
1011 61
1012 40
1013 67
1014 97
1015 50
1016 71
1017 52
1018 67
1019 50
1020 63
1021 86
1022 75
1023 106
1024 40
1025 74
1026 46
1027 67
1028 54
1029 80
1030 80
1031 48
1032 123
1033 92
1034 74
1035 62
1036 73
1037 71
1038 46
1039 76
1040 59
1041 62
1042 58
1043 50
1044 56
1045 287
1046 42
1047 58
1048 48
1049 96
1050 120
1051 56
1052 63
1053 56
1054 61
1055 71
1056 54
1057 63
1058 67
1059 73
1060 50
1061 58
1062 61
1063 40
1064 64
1065 52
1066 65
1067 65
1068 48
1069 84
1070 73
1071 86
1072 64
1073 82
1074 91
1075 69
1076 50
1077 60
1078 66
1079 46
1080 58
1081 62
1082 82
1083 61
1084 46
1085 86
1086 42
1087 46
1088 90
1089 60
1090 50
1091 66
1092 67
1093 112
1094 116
1095 44
1096 73
1097 117
1098 40
1099 67
1100 46
1101 40
1102 54
1103 48
1104 77
1105 48
1106 50
1107 48
1108 78
1109 63
1110 125
1111 76
1112 44
1113 65
1114 56
1115 38
1116 59
1117 56
1118 52
1119 75
1120 52
1121 71
1122 75
1123 60
1124 58
1125 73
1126 65
1127 64
1128 86
1129 114
1130 98
1131 69
1132 62
1133 63
1134 62
1135 40
1136 71
1137 73
1138 42
1139 86
1140 80
1141 67
1142 47
1143 86
1144 48
1145 74
1146 84
1147 52
1148 69
1149 82
1150 52
1151 50
1152 58
1153 80
1154 59
1155 52
1156 110
1157 62
1158 157
1159 46
1160 62
1161 142
1162 95
1163 105
1164 125
1165 48
1166 59
1167 46
1168 128
1169 72
1170 144
1171 119
1172 82
1173 98
1174 82
1175 65
1176 88
1177 107
1178 63
1179 48
1180 83
1181 72
1182 139
1183 72
1184 90
1185 42
1186 59
1187 60
1188 90
1189 50
1190 68
1191 59
1192 76
1193 103
1194 103
1195 165
1196 58
1197 36
1198 78
1199 42
1200 127
1201 63
1202 50
1203 50
1204 86
1205 167
1206 123
1207 410
1208 77
1209 66
1210 82
1211 73
1212 103
1213 73
1214 46
1215 73
1216 67
1217 42
1218 65
1219 111
1220 77
1221 65
1222 118
1223 233
1224 132
1225 71
1226 133
1227 132
1228 90
1229 211
1230 46
1231 88
1232 42
1233 40
1234 54
1235 48
1236 54
1237 74
1238 137
1239 46
1240 92
1241 83
1242 124
1243 159
1244 66
1245 125
1246 101
1247 84
1248 75
1249 58
1250 171
1251 74
1252 280
1253 83
1254 112
1255 52
1256 92
1257 67
1258 136
1259 72
1260 152
1261 107
1262 61
1263 180
1264 65
1265 81
1266 110
1267 66
1268 81
1269 212
1270 161
1271 68
1272 124
1273 40
1274 60
1275 253
1276 202
1277 66
1278 85
1279 105
1280 107
1281 165
1282 258
1283 98
1284 113
1285 73
1286 96
1287 109
1288 143
1289 77
1290 79
0 24
1 26
2 28
3 26
4 28
5 30
6 26
7 28
8 32
9 26
10 26
11 22
12 32
13 26
14 30
15 22
16 28
17 30
18 28
19 20
20 26
21 28
22 22
23 18
24 28
25 30
26 36
27 22
28 34
29 26
30 24
31 22
32 22
33 28
34 24
35 26
36 26
37 20
38 26
39 22
40 30
41 28
42 16
43 28
44 22
45 12
46 34
47 18
48 16
49 26
50 18
51 32
52 20
53 28
54 24
55 34
56 34
57 18
58 30
59 26
60 22
61 32
62 18
63 32
64 26
65 38
66 36
67 36
68 44
69 34
70 46
71 28
72 32
73 22
74 26
75 24
76 30
77 22
78 24
79 32
80 20
81 24
82 42
83 24
84 24
85 30
86 28
87 38
88 20
89 30
90 24
91 22
92 36
93 22
94 22
95 24
96 18
97 24
98 40
99 30
100 36
101 36
102 34
103 26
104 28
105 26
106 20
107 20
108 24
109 20
110 36
111 30
112 26
113 28
114 22
115 28
116 24
117 26
118 36
119 18
120 26
121 30
122 42
123 34
124 22
125 34
126 20
127 28
128 42
129 16
130 30
131 28
132 34
133 40
134 18
135 18
136 22
137 28
138 24
139 40
140 20
141 28
142 26
143 32
144 24
145 22
146 24
147 24
148 26
149 18
150 38
151 22
152 30
153 20
154 28
155 40
156 18
157 20
158 22
159 30
160 24
161 24
162 30
163 40
164 38
165 22
166 20
167 26
168 38
169 22
170 28
171 26
172 24
173 30
174 30
175 24
176 26
177 24
178 20
179 34
180 46
181 28
182 30
183 18
184 46
185 26
186 26
187 32
188 20
189 30
190 18
191 26
192 22
193 32
194 26
195 32
196 22
197 28
198 30
199 24
200 28
201 26
202 28
203 34
204 24
205 28
206 40
207 32
208 28
209 44
210 20
211 20
212 40
213 40
214 20
215 36
216 36
217 22
218 40
219 16
220 16
221 24
222 20
223 24
224 30
225 48
226 20
227 36
228 36
229 46
230 36
231 26
232 30
233 28
234 42
235 30
236 24
237 44
238 18
239 30
240 24
241 26
242 30
243 52
244 36
245 26
246 26
247 50
248 22
249 22
250 26
251 30
252 28
253 28
254 28
255 38
256 24
257 32
258 24
259 26
260 40
261 30
262 22
263 26
264 32
265 30
266 24
267 24
268 26
269 26
270 22
271 34
272 18
273 34
274 22
275 32
276 28
277 32
278 30
279 22
280 22
281 24
282 24
283 32
284 38
285 20
286 34
287 32
288 24
289 40
290 34
291 32
292 36
293 24
294 18
295 38
296 34
297 22
298 32
299 34
300 28
301 32
302 24
303 40
304 36
305 36
306 26
307 28
308 52
309 40
310 34
311 38
312 28
313 52
314 24
315 32
316 50
317 48
318 60
319 40
320 60
321 34
322 18
323 54
324 30
325 32
326 26
327 30
328 38
329 42
330 30
331 32
332 38
333 22
334 42
335 40
336 28
337 28
338 44
339 38
340 48
341 64
342 28
343 52
344 52
345 18
346 22
347 56
348 24
349 50
350 113
351 79
352 58
353 83
354 48
355 48
356 34
357 24
358 24
359 32
360 48
361 22
362 56
363 32
364 50
365 44
366 56
367 75
368 32
369 60
370 44
371 56
372 62
373 36
374 26
375 42
376 32
377 60
378 56
379 36
380 26
381 40
382 46
383 58
384 117
385 46
386 50
387 46
388 38
389 50
390 40
391 62
392 38
393 60
394 96
395 121
396 56
397 50
398 52
399 42
400 64
401 62
402 30
403 52
404 56
405 86
406 91
407 57
408 105
409 48
410 62
411 46
412 46
413 32
414 62
415 56
416 52
417 60
418 65
419 64
420 54
421 100
422 36
423 40
424 50
425 52
426 66
427 60
428 26
429 60
430 38
431 60
432 48
433 52
434 58
435 54
436 64
437 52
438 75
439 72
440 54
441 54
442 34
443 52
444 32
445 26
446 56
447 111
448 163
449 56
450 83
451 56
452 197
453 64
454 58
455 56
456 86
457 58
458 50
459 50
460 56
461 67
462 64
463 42
464 48
465 62
466 62
467 116
468 175
469 81
470 83
471 58
472 69
473 60
474 107
475 75
476 52
477 54
478 50
479 48
480 70
481 52
482 48
483 60
484 72
485 58
486 64
487 52
488 56
489 64
490 68
491 70
492 44
493 46
494 58
495 48
496 46
497 46
498 103
499 56
500 84
501 52
502 60
503 60
504 58
505 89
506 70
507 58
508 61
509 60
510 101
511 159
512 58
513 68
514 64
515 114
516 66
517 69
518 261
519 77
520 66
521 72
522 50
523 60
524 56
525 66
526 58
527 85
528 67
529 54
530 77
531 165
532 147
533 94
534 77
535 68
536 65
537 71
538 68
539 75
540 114
541 94
542 68
543 69
544 70
545 130
546 79
547 81
548 64
549 62
550 54
551 81
552 69
553 358
554 128
555 293
556 321
557 349
558 72
559 58
560 72
561 54
562 62
563 52
564 56
565 81
566 70
567 58
568 66
569 119
570 60
571 111
572 87
573 70
574 68
575 79
576 64
577 68
578 58
579 109
580 177
581 119
582 76
583 79
584 66
585 60
586 58
587 64
588 87
589 65
590 79
591 105
592 92
593 96
594 109
595 109
596 96
597 64
598 94
599 113
600 98
601 100
602 143
603 122
604 255
605 81
606 132
607 60
608 81
609 83
610 60
611 77
612 347
613 261
614 180
615 92
616 107
617 141
618 117
619 76
620 194
621 68
622 390
623 167
624 500
625 311
626 120
627 212
628 184
629 81
630 70
631 72
632 163
633 201
634 199
635 165
636 156
637 157
638 128
639 81
640 139
641 115
642 83
643 132
644 241
645 169
646 263
647 238
648 242
649 235
650 306
651 227
652 311
653 163
654 156
655 603
656 186
657 177
658 92
659 139
660 284
661 152
662 81
663 79
664 122
665 274
666 285
667 371
668 407
669 111
670 212
671 156
672 295
673 72
674 62
675 87
676 98
677 134
678 48
679 156
680 118
681 115
682 130
683 70
684 139
685 158
686 113
687 90
688 143
689 150
690 91
691 244
692 276
693 444
694 266
695 225
696 205
697 233
698 818
699 233
700 175
701 114
702 310
703 270
704 483
705 212
706 156
707 103
708 169
709 77
710 197
711 276
712 81
713 589
714 379
715 103
716 205
717 82
718 85
719 122
720 306
721 88
722 100
723 256
724 158
725 220
726 175
727 178
728 331
729 216
730 117
731 534
732 171
733 354
734 391
735 207
736 168
737 149
738 150
739 122
740 166
741 240
742 336
743 192
744 60
745 104
746 85
747 96
748 94
749 111
750 103
751 310
752 261
753 109
754 222
755 126
756 97
757 137
758 124
759 85
760 56
761 147
762 147
763 181
764 100
765 175
766 90
767 122
768 280
769 107
770 113
771 62
772 109
773 71
774 60
775 91
776 79
777 213
778 320
779 416
780 726
781 429
782 250
783 69
784 111
785 64
786 66
787 64
788 167
789 83
790 318
791 1299
792 344
793 497
794 287
795 438
796 362
797 120
798 92
799 68
800 68
801 70
802 77
803 130
804 231
805 239
806 284
807 553
808 416
809 242
810 221
811 781
812 325
813 415
814 173
815 254
816 585
817 145
818 272
819 443
820 169
821 138
822 317
823 201
824 134
825 79
826 147
827 221
828 197
829 95
830 205
831 302
832 113
833 72
834 239
835 79
836 124
837 141
838 148
839 139
840 210
841 314
842 105
843 86
844 98
845 64
846 64
847 79
848 74
849 74
850 109
851 115
852 279
853 362
854 646
855 416
856 354
857 107
858 68
859 94
860 60
861 85
862 137
863 79
864 73
865 72
866 383
867 229
868 528
869 289
870 730
871 182
872 192
873 166
874 79
875 109
876 60
877 214
878 449
879 586
880 445
881 355
882 246
883 214
884 579
885 554
886 182
887 122
888 195
889 111
890 338
891 343
892 280
893 405
894 129
895 219
896 511
897 180
898 319
899 400
900 96
901 64
902 119
903 74
904 111
905 217
906 105
907 205
908 85
909 493
910 253
911 171
912 94
913 612
914 223
915 206
916 81
917 68
918 66
919 70
920 81
921 81
922 71
923 88
924 245
925 81
926 952
927 392
928 559
929 303
930 205
931 375
932 575
933 83
934 75
935 105
936 72
937 75
938 165
939 165
940 407
941 312
942 584
943 620
944 60
945 158
946 286
947 134
948 77
949 301
950 69
951 275
952 94
953 81
954 66
955 79
956 162
957 134
958 2103
959 965
960 498
961 245
962 413
963 73
964 115
965 120
966 86
967 68
968 139
969 139
970 69
971 649
972 804
973 70
974 46
975 87
976 91
977 54
978 77
979 48
980 79
981 134
982 156
983 173
984 65
985 62
986 312
987 64
988 156
989 211
990 92
991 62
992 66
993 69
994 124
995 52
996 67
997 143
998 397
999 201
1000 507
1001 195
1002 209
1003 87
1004 96
1005 291
1006 218
1007 158
1008 274
1009 414
1010 406
1011 102
1012 221
1013 222
1014 184
1015 120
1016 246
1017 652
1018 459
1019 572
1020 1094
1021 311
1022 124
1023 143
1024 68
1025 62
1026 83
1027 115
1028 102
1029 291
1030 568
1031 308
1032 702
1033 525
1034 593
1035 204
1036 359
1037 165
1038 171
1039 201
1040 141
1041 259
1042 145
1043 86
1044 423
1045 783
1046 360
1047 1148
1048 101
1049 104
1050 100
1051 139
1052 166
1053 129
1054 445
1055 420
1056 740
1057 736
1058 274
1059 676
1060 448
1061 331
1062 104
1063 111
1064 64
1065 126
1066 85
1067 248
1068 263
1069 109
1070 1323
1071 297
1072 404
1073 259
1074 184
1075 587
1076 204
1077 569
1078 398
1079 358
1080 335
1081 224
1082 263
1083 154
1084 472
1085 347
1086 248
1087 71
1088 404
1089 117
1090 126
1091 139
1092 265
1093 389
1094 502
1095 182
1096 659
1097 572
1098 469
1099 445
1100 419
1101 133
1102 274
1103 241
1104 220
1105 124
1106 214
1107 112
1108 1070
1109 610
1110 337
1111 888
1112 510
1113 182
1114 122
1115 199
1116 86
1117 74
1118 87
1119 109
1120 552
1121 246
1122 155
1123 511
1124 345
1125 368
1126 814
1127 1288
1128 791
1129 141
1130 397
1131 540
1132 466
1133 943
1134 390
1135 326
1136 498
1137 254
1138 91
1139 224
1140 193
1141 96
1142 87
1143 184
1144 308
1145 407
1146 237
1147 313
1148 762
1149 302
1150 100
1151 237
1152 81
1153 115
1154 100
1155 139
1156 111
1157 822
1158 145
1159 503
1160 169
1161 1106
1162 141
1163 306
1164 650
1165 684
1166 393
1167 1204
1168 434
1169 396
1170 214
1171 459
1172 558
1173 1564
1174 388
1175 951
1176 510
1177 268
1178 248
1179 606
1180 229
1181 759
1182 115
1183 636
1184 152
1185 287
1186 501
1187 688
1188 824
1189 518
1190 205
1191 438
1192 589
1193 282
1194 79
1195 72
1196 77
1197 70
1198 83
1199 74
1200 310
1201 435
1202 846
1203 575
1204 186
1205 527
1206 418
1207 282
1208 186
1209 409
1210 196
1211 70
1212 72
1213 188
1214 100
1215 116
1216 782
1217 259
1218 600
1219 873
1220 447
1221 520
1222 498
1223 175
1224 64
1225 813
1226 670
1227 480
1228 353
1229 857
1230 261
1231 152
1232 77
1233 297
1234 177
1235 64
1236 583
1237 373
1238 327
1239 355
1240 461
1241 251
1242 641
1243 139
1244 673
1245 569
1246 286
1247 164
1248 113
1249 124
1250 68
1251 79
1252 177
1253 66
1254 1541
1255 224
1256 1305
1257 510
1258 650
1259 368
1260 227
1261 72
1262 79
1263 68
1264 77
1265 62
1266 81
1267 107
1268 135
1269 1250
1270 175
1271 1430
1272 1494
1273 461
1274 2078
1275 319
1276 101
1277 83
1278 75
1279 86
1280 66
1281 87
1282 175
1283 98
1284 447
1285 657
1286 2761
1287 827
1288 470
1289 880
1290 275
1291 171
1292 98
1293 79
1294 73
1295 72
1296 92
1297 62
1298 68
1299 130
1300 66
1301 152
1302 81
1303 79
1304 92
1305 68
1306 64
1307 109
1308 258
1309 219
1310 602
1311 1925
1312 1227
1313 472
1314 291
1315 132
1316 60
1317 66
1318 96
1319 81
1320 94
1321 109
1322 128
1323 326
1324 238
1325 986
1326 1366
1327 689
1328 792
1329 2291
1330 605
1331 524
1332 81
1333 141
1334 85
1335 83
1336 66
1337 126
1338 190
1339 297
1340 298
1341 1505
1342 2504
1343 1672
1344 394
1345 821
1346 733
1347 267
1348 230
1349 83
1350 85
1351 77
1352 60
1353 68
1354 70
1355 68
1356 66
1357 72
1358 112
1359 216
1360 96
1361 512
1362 350
1363 83
1364 135
1365 134
1366 94
1367 147
1368 64
1369 100
1370 81
1371 58
1372 332
1373 529
1374 948
1375 2160
1376 230
1377 997
1378 246
1379 323
1380 293
1381 111
1382 109
1383 66
1384 83
1385 119
1386 119
1387 66
1388 79
1389 117
1390 83
1391 111
1392 83
1393 132
1394 509
1395 479
1396 164
1397 257
1398 610
1399 105
1400 238
1401 408
1402 329
1403 177
1404 291
1405 164
1406 158
1407 212
1408 81
1409 158
1410 72
1411 83
1412 87
1413 113
1414 118
1415 141
1416 70
1417 310
1418 186
1419 604
1420 324
1421 2553
1422 2151
1423 4562
1424 808
1425 126
1426 113
1427 166
1428 70
1429 66
1430 87
1431 94
1432 186
1433 436
1434 132
1435 648
1436 594
1437 825
1438 2454
1439 548
1440 333
1441 143
1442 207
1443 124
1444 79
1445 115
1446 158
1447 56
1448 70
1449 85
1450 68
1451 83
1452 141
1453 224
1454 661
1455 327
1456 178
1457 1739
1458 605
1459 1279
1460 750
1461 3879
1462 303
1463 128
1464 72
1465 85
1466 74
1467 66
1468 76
1469 106
1470 111
1471 94
1472 220
1473 203
1474 122
1475 137
1476 380
1477 1306
1478 919
1479 331
1480 126
1481 147
1482 104
1483 89
1484 111
1485 263
1486 109
1487 149
1488 173
1489 568
1490 1340
1491 109
1492 100
1493 224
1494 411
1495 128
1496 263
1497 98
1498 173
1499 87
1500 274
1501 111
1502 169
1503 149
1504 190
1505 113
1506 105
1507 79
1508 109
1509 147
1510 85
1511 265
1512 579
1513 326
1514 636
1515 1595
1516 900
1517 797
1518 3451
1519 1291
1520 3569
1521 123
1522 72
1523 115
1524 100
1525 81
1526 121
1527 132
1528 81
1529 237
1530 106
1531 1285
1532 261
1533 569
1534 418
1535 1692
1536 289
1537 442
1538 566
1539 847
1540 349
1541 221
1542 102
1543 145
1544 64
1545 113
1546 130
1547 96
1548 113
1549 201
1550 720
1551 171
1552 510
1553 1535
1554 522
1555 391
1556 301
1557 332
1558 188
1559 130
1560 214
1561 138
1562 115
1563 257
1564 89
1565 77
1566 77
1567 98
1568 134
1569 748
1570 1472
1571 2375
1572 1123
1573 1231
1574 1079
1575 317
1576 441
1577 70
1578 98
1579 117
1580 100
1581 102
1582 168
1583 229
1584 85
1585 409
1586 411
1587 673
1588 433
1589 318
1590 827
1591 308
1592 358
1593 599
1594 680
1595 644
1596 1185
1597 433
1598 952
1599 667
1600 250
1601 1707
1602 379
1603 1332
1604 732
1605 2037
1606 2630
1607 809
1608 519
1609 1512
1610 641
1611 379
1612 961
1613 652
1614 336
1615 224
1616 89
1617 492
1618 581
1619 551
1620 558
1621 910
1622 298
1623 474
1624 625
1625 294
1626 212
1627 1343
1628 448
1629 903
1630 946
1631 582
1632 4741
1633 606
1634 629
1635 630
1636 313
1637 1349
1638 382
1639 132
1640 208
1641 111
1642 70
1643 74
1644 109
1645 85
1646 96
1647 96
1648 102
1649 267
1650 81
1651 1002
1652 130
1653 792
1654 1300
1655 1167
1656 868
1657 1886
1658 522
1659 75
1660 81
1661 91
1662 80
1663 79
1664 81
1665 358
1666 544
1667 1101
1668 2063
1669 1098
1670 384
1671 1247
1672 1253
1673 2842
1674 2032
1675 800
1676 70
1677 98
1678 77
1679 193
1680 162
1681 113
1682 540
1683 1922
1684 4749
1685 400
1686 691
1687 1434
1688 246
1689 852
1690 310
1691 79
1692 141
1693 76
1694 188
1695 423
1696 166
1697 173
1698 222
1699 866
1700 307
1701 141
1702 98
1703 66
1704 89
1705 64
1706 435
1707 686
1708 141
1709 453
1710 1837
1711 3218
1712 209
1713 96
1714 186
1715 117
1716 126
1717 98
1718 64
1719 85
1720 138
1721 68
1722 158
1723 479
1724 139
1725 327
1726 566
1727 3457
1728 1111
1729 5448
1730 891
1731 707
1732 154
1733 214
1734 109
1735 79
1736 85
1737 68
1738 100
1739 83
1740 122
1741 102
1742 102
1743 304
1744 81
1745 83
1746 74
1747 87
1748 66
1749 85
1750 68
1751 72
1752 179
1753 62
1754 87
1755 70
1756 151
1757 126
1758 227
1759 111
1760 145
1761 83
1762 91
1763 78
1764 87
1765 151
1766 1627
1767 1010
1768 742
1769 1350
1770 1628
1771 121
1772 102
1773 96
1774 94
1775 109
1776 85
1777 130
1778 136
1779 81
1780 107
1781 79
1782 242
1783 72
1784 513
1785 306
1786 368
1787 379
1788 209
1789 130
1790 89
1791 119
1792 89
1793 68
1794 70
1795 62
1796 66
1797 62
1798 72
1799 83
1800 100
1801 83
1802 105
1803 499
1804 530
1805 268
1806 128
1807 758
1808 257
1809 179
1810 227
1811 390
1812 240
1813 94
1814 124
1815 96
1816 85
1817 111
1818 128
1819 277
1820 171
1821 297
1822 688
1823 259
1824 102
1825 267
1826 670
1827 459
1828 506
1829 272
1830 743
1831 473
1832 1169
1833 1207
1834 1298
1835 141
1836 346
1837 811
1838 72
1839 182
1840 211
1841 197
1842 113
1843 263
1844 137
1845 1025
1846 592
1847 1033
1848 1260
1849 733
1850 369
1851 593
1852 241
1853 98
1854 231
1855 83
1856 115
1857 145
1858 300
1859 162
1860 177
1861 699
1862 1378
1863 827
1864 1353
1865 115
1866 635
1867 866
1868 519
1869 656
1870 369
1871 113
1872 96
1873 126
1874 321
1875 1381
1876 472
1877 160
1878 516
1879 115
1880 657
1881 229
1882 109
1883 302
1884 153
1885 102
1886 85
1887 100
1888 85
1889 89
1890 815
1891 177
1892 141
1893 161
1894 213
1895 323
1896 193
1897 976
1898 890
1899 186
1900 136
1901 177
1902 90
1903 81
1904 100
1905 143
1906 83
1907 156
1908 186
1909 263
1910 513
1911 293
1912 410
1913 1582
1914 1646
1915 643
1916 295
1917 358
1918 259
1919 70
1920 248
1921 111
1922 564
1923 589
1924 192
1925 435
1926 229
1927 1012
1928 693
1929 282
1930 92
1931 643
1932 645
1933 551
1934 844
1935 442
1936 995
1937 253
1938 167
1939 506
1940 100
1941 167
1942 333
1943 130
1944 94
1945 72
1946 98
1947 81
1948 98
1949 220
1950 193
1951 100
1952 180
1953 128
1954 1024
1955 946
1956 184
1957 664
1958 379
1959 406
1960 452
1961 132
1962 317
1963 938
1964 857
1965 343
1966 1230
1967 493
1968 113
1969 1096
1970 321
1971 779
1972 229
1973 225
1974 306
1975 85
1976 403
1977 113
1978 83
1979 85
1980 89
1981 96
1982 81
1983 224
1984 83
1985 145
1986 251
1987 418
1988 141
1989 306
1990 322
1991 444
1992 748
1993 674
1994 117
1995 100
1996 376
1997 136
1998 179
1999 211
